county,precinct,office,district,party,candidate,votes
Orangeburg,Orangeburg Ward 1,Straight Party 1,,REP,Republican,84
Orangeburg,Orangeburg Ward 2,Straight Party 1,,REP,Republican,2
Orangeburg,Orangeburg Ward 3,Straight Party 1,,REP,Republican,20
Orangeburg,Orangeburg Ward 4,Straight Party 1,,REP,Republican,6
Orangeburg,Orangeburg Ward 5,Straight Party 1,,REP,Republican,14
Orangeburg,Orangeburg Ward 6,Straight Party 1,,REP,Republican,49
Orangeburg,Ornageburg Ward 7,Straight Party 1,,REP,Republican,100
Orangeburg,Orangeburg Ward 8,Straight Party 1,,REP,Republican,76
Orangeburg,Orangeburg Ward 9,Straight Party 1,,REP,Republican,42
Orangeburg,Orangeburg Ward 10,Straight Party 1,,REP,Republican,82
Orangeburg,Suburban 1,Straight Party 1,,REP,Republican,5
Orangeburg,Suburban 2,Straight Party 1,,REP,Republican,4
Orangeburg,Suburban 3,Straight Party 1,,REP,Republican,40
Orangeburg,Suburban 4,Straight Party 1,,REP,Republican,52
Orangeburg,Suburban 5,Straight Party 1,,REP,Republican,92
Orangeburg,Suburban 6,Straight Party 1,,REP,Republican,86
Orangeburg,Suburban 7,Straight Party 1,,REP,Republican,228
Orangeburg,Suburban 8,Straight Party 1,,REP,Republican,119
Orangeburg,Suburban 9,Straight Party 1,,REP,Republican,75
Orangeburg,Bethel,Straight Party 1,,REP,Republican,61
Orangeburg,Bowman 1,Straight Party 1,,REP,Republican,104
Orangeburg,Bowman 2,Straight Party 1,,REP,Republican,109
Orangeburg,Branchville 1,Straight Party 1,,REP,Republican,140
Orangeburg,Branchville 2,Straight Party 1,,REP,Republican,88
Orangeburg,Brookdale,Straight Party 1,,REP,Republican,11
Orangeburg,Cope,Straight Party 1,,REP,Republican,133
Orangeburg,Cordova 1,Straight Party 1,,REP,Republican,237
Orangeburg,Edisto,Straight Party 1,,REP,Republican,280
Orangeburg,Elloree 1,Straight Party 1,,REP,Republican,141
Orangeburg,Eutawville 1,Straight Party 1,,REP,Republican,264
Orangeburg,Eutawville 2,Straight Party 1,,REP,Republican,97
Orangeburg,Four Holes,Straight Party 1,,REP,Republican,156
Orangeburg,Holly Hill 2,Straight Party 1,,REP,Republican,101
Orangeburg,Holly Hill 1,Straight Party 1,,REP,Republican,238
Orangeburg,Jamison,Straight Party 1,,REP,Republican,138
Orangeburg,Limestone 1,Straight Party 1,,REP,Republican,148
Orangeburg,Neeses-Livingston,Straight Party 1,,REP,Republican,162
Orangeburg,Nix,Straight Party 1,,REP,Republican,4
Orangeburg,North 2,Straight Party 1,,REP,Republican,146
Orangeburg,North 1,Straight Party 1,,REP,Republican,130
Orangeburg,Norway,Straight Party 1,,REP,Republican,142
Orangeburg,Pine Hill,Straight Party 1,,REP,Republican,129
Orangeburg,Providence,Straight Party 1,,REP,Republican,93
Orangeburg,Rowesville,Straight Party 1,,REP,Republican,64
Orangeburg,Santee 1,Straight Party 1,,REP,Republican,231
Orangeburg,Springfield,Straight Party 1,,REP,Republican,172
Orangeburg,Vance,Straight Party 1,,REP,Republican,100
Orangeburg,Whittaker,Straight Party 1,,REP,Republican,31
Orangeburg,Bolentown,Straight Party 1,,REP,Republican,242
Orangeburg,Cordova 2,Straight Party 1,,REP,Republican,189
Orangeburg,Elloree 2,Straight Party 1,,REP,Republican,47
Orangeburg,Limestone 2,Straight Party 1,,REP,Republican,148
Orangeburg,Santee 2,Straight Party 1,,REP,Republican,14
Orangeburg,Absentee,Straight Party 1,,REP,Republican,848
Orangeburg,Emergency,Straight Party 1,,REP,Republican,0
Orangeburg,Failsafe,Straight Party 1,,REP,Republican,11
Orangeburg,Provisional,Straight Party 1,,REP,Republican,0
Orangeburg,Failsafe Provisional,Straight Party 1,,REP,Republican,2
Orangeburg,Orangeburg Ward 1,Straight Party 1,,LIB,Libertarian,1
Orangeburg,Orangeburg Ward 2,Straight Party 1,,LIB,Libertarian,0
Orangeburg,Orangeburg Ward 3,Straight Party 1,,LIB,Libertarian,0
Orangeburg,Orangeburg Ward 4,Straight Party 1,,LIB,Libertarian,1
Orangeburg,Orangeburg Ward 5,Straight Party 1,,LIB,Libertarian,0
Orangeburg,Orangeburg Ward 6,Straight Party 1,,LIB,Libertarian,0
Orangeburg,Ornageburg Ward 7,Straight Party 1,,LIB,Libertarian,1
Orangeburg,Orangeburg Ward 8,Straight Party 1,,LIB,Libertarian,0
Orangeburg,Orangeburg Ward 9,Straight Party 1,,LIB,Libertarian,1
Orangeburg,Orangeburg Ward 10,Straight Party 1,,LIB,Libertarian,0
Orangeburg,Suburban 1,Straight Party 1,,LIB,Libertarian,0
Orangeburg,Suburban 2,Straight Party 1,,LIB,Libertarian,0
Orangeburg,Suburban 3,Straight Party 1,,LIB,Libertarian,2
Orangeburg,Suburban 4,Straight Party 1,,LIB,Libertarian,0
Orangeburg,Suburban 5,Straight Party 1,,LIB,Libertarian,1
Orangeburg,Suburban 6,Straight Party 1,,LIB,Libertarian,0
Orangeburg,Suburban 7,Straight Party 1,,LIB,Libertarian,0
Orangeburg,Suburban 8,Straight Party 1,,LIB,Libertarian,4
Orangeburg,Suburban 9,Straight Party 1,,LIB,Libertarian,2
Orangeburg,Bethel,Straight Party 1,,LIB,Libertarian,2
Orangeburg,Bowman 1,Straight Party 1,,LIB,Libertarian,2
Orangeburg,Bowman 2,Straight Party 1,,LIB,Libertarian,1
Orangeburg,Branchville 1,Straight Party 1,,LIB,Libertarian,0
Orangeburg,Branchville 2,Straight Party 1,,LIB,Libertarian,1
Orangeburg,Brookdale,Straight Party 1,,LIB,Libertarian,0
Orangeburg,Cope,Straight Party 1,,LIB,Libertarian,3
Orangeburg,Cordova 1,Straight Party 1,,LIB,Libertarian,0
Orangeburg,Edisto,Straight Party 1,,LIB,Libertarian,2
Orangeburg,Elloree 1,Straight Party 1,,LIB,Libertarian,2
Orangeburg,Eutawville 1,Straight Party 1,,LIB,Libertarian,1
Orangeburg,Eutawville 2,Straight Party 1,,LIB,Libertarian,3
Orangeburg,Four Holes,Straight Party 1,,LIB,Libertarian,0
Orangeburg,Holly Hill 2,Straight Party 1,,LIB,Libertarian,1
Orangeburg,Holly Hill 1,Straight Party 1,,LIB,Libertarian,1
Orangeburg,Jamison,Straight Party 1,,LIB,Libertarian,0
Orangeburg,Limestone 1,Straight Party 1,,LIB,Libertarian,3
Orangeburg,Neeses-Livingston,Straight Party 1,,LIB,Libertarian,2
Orangeburg,Nix,Straight Party 1,,LIB,Libertarian,1
Orangeburg,North 2,Straight Party 1,,LIB,Libertarian,4
Orangeburg,North 1,Straight Party 1,,LIB,Libertarian,4
Orangeburg,Norway,Straight Party 1,,LIB,Libertarian,1
Orangeburg,Pine Hill,Straight Party 1,,LIB,Libertarian,3
Orangeburg,Providence,Straight Party 1,,LIB,Libertarian,0
Orangeburg,Rowesville,Straight Party 1,,LIB,Libertarian,0
Orangeburg,Santee 1,Straight Party 1,,LIB,Libertarian,0
Orangeburg,Springfield,Straight Party 1,,LIB,Libertarian,1
Orangeburg,Vance,Straight Party 1,,LIB,Libertarian,2
Orangeburg,Whittaker,Straight Party 1,,LIB,Libertarian,0
Orangeburg,Bolentown,Straight Party 1,,LIB,Libertarian,1
Orangeburg,Cordova 2,Straight Party 1,,LIB,Libertarian,2
Orangeburg,Elloree 2,Straight Party 1,,LIB,Libertarian,3
Orangeburg,Limestone 2,Straight Party 1,,LIB,Libertarian,1
Orangeburg,Santee 2,Straight Party 1,,LIB,Libertarian,1
Orangeburg,Absentee,Straight Party 1,,LIB,Libertarian,20
Orangeburg,Emergency,Straight Party 1,,LIB,Libertarian,0
Orangeburg,Failsafe,Straight Party 1,,LIB,Libertarian,0
Orangeburg,Provisional,Straight Party 1,,LIB,Libertarian,0
Orangeburg,Failsafe Provisional,Straight Party 1,,LIB,Libertarian,0
Orangeburg,Orangeburg Ward 1,Straight Party 1,,DEM,Democratic,144
Orangeburg,Orangeburg Ward 2,Straight Party 1,,DEM,Democratic,226
Orangeburg,Orangeburg Ward 3,Straight Party 1,,DEM,Democratic,349
Orangeburg,Orangeburg Ward 4,Straight Party 1,,DEM,Democratic,786
Orangeburg,Orangeburg Ward 5,Straight Party 1,,DEM,Democratic,173
Orangeburg,Orangeburg Ward 6,Straight Party 1,,DEM,Democratic,237
Orangeburg,Ornageburg Ward 7,Straight Party 1,,DEM,Democratic,122
Orangeburg,Orangeburg Ward 8,Straight Party 1,,DEM,Democratic,142
Orangeburg,Orangeburg Ward 9,Straight Party 1,,DEM,Democratic,168
Orangeburg,Orangeburg Ward 10,Straight Party 1,,DEM,Democratic,167
Orangeburg,Suburban 1,Straight Party 1,,DEM,Democratic,405
Orangeburg,Suburban 2,Straight Party 1,,DEM,Democratic,332
Orangeburg,Suburban 3,Straight Party 1,,DEM,Democratic,545
Orangeburg,Suburban 4,Straight Party 1,,DEM,Democratic,143
Orangeburg,Suburban 5,Straight Party 1,,DEM,Democratic,469
Orangeburg,Suburban 6,Straight Party 1,,DEM,Democratic,247
Orangeburg,Suburban 7,Straight Party 1,,DEM,Democratic,151
Orangeburg,Suburban 8,Straight Party 1,,DEM,Democratic,145
Orangeburg,Suburban 9,Straight Party 1,,DEM,Democratic,394
Orangeburg,Bethel,Straight Party 1,,DEM,Democratic,232
Orangeburg,Bowman 1,Straight Party 1,,DEM,Democratic,489
Orangeburg,Bowman 2,Straight Party 1,,DEM,Democratic,258
Orangeburg,Branchville 1,Straight Party 1,,DEM,Democratic,232
Orangeburg,Branchville 2,Straight Party 1,,DEM,Democratic,94
Orangeburg,Brookdale,Straight Party 1,,DEM,Democratic,456
Orangeburg,Cope,Straight Party 1,,DEM,Democratic,161
Orangeburg,Cordova 1,Straight Party 1,,DEM,Democratic,311
Orangeburg,Edisto,Straight Party 1,,DEM,Democratic,122
Orangeburg,Elloree 1,Straight Party 1,,DEM,Democratic,196
Orangeburg,Eutawville 1,Straight Party 1,,DEM,Democratic,287
Orangeburg,Eutawville 2,Straight Party 1,,DEM,Democratic,566
Orangeburg,Four Holes,Straight Party 1,,DEM,Democratic,86
Orangeburg,Holly Hill 2,Straight Party 1,,DEM,Democratic,727
Orangeburg,Holly Hill 1,Straight Party 1,,DEM,Democratic,428
Orangeburg,Jamison,Straight Party 1,,DEM,Democratic,529
Orangeburg,Limestone 1,Straight Party 1,,DEM,Democratic,425
Orangeburg,Neeses-Livingston,Straight Party 1,,DEM,Democratic,171
Orangeburg,Nix,Straight Party 1,,DEM,Democratic,601
Orangeburg,North 2,Straight Party 1,,DEM,Democratic,263
Orangeburg,North 1,Straight Party 1,,DEM,Democratic,305
Orangeburg,Norway,Straight Party 1,,DEM,Democratic,448
Orangeburg,Pine Hill,Straight Party 1,,DEM,Democratic,300
Orangeburg,Providence,Straight Party 1,,DEM,Democratic,374
Orangeburg,Rowesville,Straight Party 1,,DEM,Democratic,163
Orangeburg,Santee 1,Straight Party 1,,DEM,Democratic,185
Orangeburg,Springfield,Straight Party 1,,DEM,Democratic,384
Orangeburg,Vance,Straight Party 1,,DEM,Democratic,390
Orangeburg,Whittaker,Straight Party 1,,DEM,Democratic,431
Orangeburg,Bolentown,Straight Party 1,,DEM,Democratic,253
Orangeburg,Cordova 2,Straight Party 1,,DEM,Democratic,442
Orangeburg,Elloree 2,Straight Party 1,,DEM,Democratic,252
Orangeburg,Limestone 2,Straight Party 1,,DEM,Democratic,369
Orangeburg,Santee 2,Straight Party 1,,DEM,Democratic,479
Orangeburg,Absentee,Straight Party 1,,DEM,Democratic,8443
Orangeburg,Emergency,Straight Party 1,,DEM,Democratic,0
Orangeburg,Failsafe,Straight Party 1,,DEM,Democratic,182
Orangeburg,Provisional,Straight Party 1,,DEM,Democratic,0
Orangeburg,Failsafe Provisional,Straight Party 1,,DEM,Democratic,12
Orangeburg,Orangeburg Ward 1,Straight Party 1,,CON,Constitution,2
Orangeburg,Orangeburg Ward 2,Straight Party 1,,CON,Constitution,0
Orangeburg,Orangeburg Ward 3,Straight Party 1,,CON,Constitution,0
Orangeburg,Orangeburg Ward 4,Straight Party 1,,CON,Constitution,2
Orangeburg,Orangeburg Ward 5,Straight Party 1,,CON,Constitution,1
Orangeburg,Orangeburg Ward 6,Straight Party 1,,CON,Constitution,1
Orangeburg,Ornageburg Ward 7,Straight Party 1,,CON,Constitution,2
Orangeburg,Orangeburg Ward 8,Straight Party 1,,CON,Constitution,0
Orangeburg,Orangeburg Ward 9,Straight Party 1,,CON,Constitution,1
Orangeburg,Orangeburg Ward 10,Straight Party 1,,CON,Constitution,0
Orangeburg,Suburban 1,Straight Party 1,,CON,Constitution,2
Orangeburg,Suburban 2,Straight Party 1,,CON,Constitution,0
Orangeburg,Suburban 3,Straight Party 1,,CON,Constitution,0
Orangeburg,Suburban 4,Straight Party 1,,CON,Constitution,0
Orangeburg,Suburban 5,Straight Party 1,,CON,Constitution,1
Orangeburg,Suburban 6,Straight Party 1,,CON,Constitution,1
Orangeburg,Suburban 7,Straight Party 1,,CON,Constitution,0
Orangeburg,Suburban 8,Straight Party 1,,CON,Constitution,0
Orangeburg,Suburban 9,Straight Party 1,,CON,Constitution,1
Orangeburg,Bethel,Straight Party 1,,CON,Constitution,1
Orangeburg,Bowman 1,Straight Party 1,,CON,Constitution,0
Orangeburg,Bowman 2,Straight Party 1,,CON,Constitution,2
Orangeburg,Branchville 1,Straight Party 1,,CON,Constitution,2
Orangeburg,Branchville 2,Straight Party 1,,CON,Constitution,0
Orangeburg,Brookdale,Straight Party 1,,CON,Constitution,0
Orangeburg,Cope,Straight Party 1,,CON,Constitution,0
Orangeburg,Cordova 1,Straight Party 1,,CON,Constitution,1
Orangeburg,Edisto,Straight Party 1,,CON,Constitution,0
Orangeburg,Elloree 1,Straight Party 1,,CON,Constitution,2
Orangeburg,Eutawville 1,Straight Party 1,,CON,Constitution,1
Orangeburg,Eutawville 2,Straight Party 1,,CON,Constitution,0
Orangeburg,Four Holes,Straight Party 1,,CON,Constitution,0
Orangeburg,Holly Hill 2,Straight Party 1,,CON,Constitution,1
Orangeburg,Holly Hill 1,Straight Party 1,,CON,Constitution,1
Orangeburg,Jamison,Straight Party 1,,CON,Constitution,0
Orangeburg,Limestone 1,Straight Party 1,,CON,Constitution,0
Orangeburg,Neeses-Livingston,Straight Party 1,,CON,Constitution,1
Orangeburg,Nix,Straight Party 1,,CON,Constitution,1
Orangeburg,North 2,Straight Party 1,,CON,Constitution,2
Orangeburg,North 1,Straight Party 1,,CON,Constitution,1
Orangeburg,Norway,Straight Party 1,,CON,Constitution,3
Orangeburg,Pine Hill,Straight Party 1,,CON,Constitution,0
Orangeburg,Providence,Straight Party 1,,CON,Constitution,3
Orangeburg,Rowesville,Straight Party 1,,CON,Constitution,0
Orangeburg,Santee 1,Straight Party 1,,CON,Constitution,3
Orangeburg,Springfield,Straight Party 1,,CON,Constitution,5
Orangeburg,Vance,Straight Party 1,,CON,Constitution,1
Orangeburg,Whittaker,Straight Party 1,,CON,Constitution,0
Orangeburg,Bolentown,Straight Party 1,,CON,Constitution,1
Orangeburg,Cordova 2,Straight Party 1,,CON,Constitution,3
Orangeburg,Elloree 2,Straight Party 1,,CON,Constitution,2
Orangeburg,Limestone 2,Straight Party 1,,CON,Constitution,1
Orangeburg,Santee 2,Straight Party 1,,CON,Constitution,0
Orangeburg,Absentee,Straight Party 1,,CON,Constitution,28
Orangeburg,Emergency,Straight Party 1,,CON,Constitution,0
Orangeburg,Failsafe,Straight Party 1,,CON,Constitution,1
Orangeburg,Provisional,Straight Party 1,,CON,Constitution,0
Orangeburg,Failsafe Provisional,Straight Party 1,,CON,Constitution,0
Orangeburg,Orangeburg Ward 1,Straight Party 1,,GRN,Green,0
Orangeburg,Orangeburg Ward 2,Straight Party 1,,GRN,Green,0
Orangeburg,Orangeburg Ward 3,Straight Party 1,,GRN,Green,1
Orangeburg,Orangeburg Ward 4,Straight Party 1,,GRN,Green,4
Orangeburg,Orangeburg Ward 5,Straight Party 1,,GRN,Green,0
Orangeburg,Orangeburg Ward 6,Straight Party 1,,GRN,Green,0
Orangeburg,Ornageburg Ward 7,Straight Party 1,,GRN,Green,0
Orangeburg,Orangeburg Ward 8,Straight Party 1,,GRN,Green,0
Orangeburg,Orangeburg Ward 9,Straight Party 1,,GRN,Green,1
Orangeburg,Orangeburg Ward 10,Straight Party 1,,GRN,Green,0
Orangeburg,Suburban 1,Straight Party 1,,GRN,Green,1
Orangeburg,Suburban 2,Straight Party 1,,GRN,Green,0
Orangeburg,Suburban 3,Straight Party 1,,GRN,Green,1
Orangeburg,Suburban 4,Straight Party 1,,GRN,Green,0
Orangeburg,Suburban 5,Straight Party 1,,GRN,Green,0
Orangeburg,Suburban 6,Straight Party 1,,GRN,Green,2
Orangeburg,Suburban 7,Straight Party 1,,GRN,Green,0
Orangeburg,Suburban 8,Straight Party 1,,GRN,Green,0
Orangeburg,Suburban 9,Straight Party 1,,GRN,Green,0
Orangeburg,Bethel,Straight Party 1,,GRN,Green,0
Orangeburg,Bowman 1,Straight Party 1,,GRN,Green,0
Orangeburg,Bowman 2,Straight Party 1,,GRN,Green,0
Orangeburg,Branchville 1,Straight Party 1,,GRN,Green,0
Orangeburg,Branchville 2,Straight Party 1,,GRN,Green,0
Orangeburg,Brookdale,Straight Party 1,,GRN,Green,0
Orangeburg,Cope,Straight Party 1,,GRN,Green,0
Orangeburg,Cordova 1,Straight Party 1,,GRN,Green,0
Orangeburg,Edisto,Straight Party 1,,GRN,Green,3
Orangeburg,Elloree 1,Straight Party 1,,GRN,Green,1
Orangeburg,Eutawville 1,Straight Party 1,,GRN,Green,4
Orangeburg,Eutawville 2,Straight Party 1,,GRN,Green,2
Orangeburg,Four Holes,Straight Party 1,,GRN,Green,0
Orangeburg,Holly Hill 2,Straight Party 1,,GRN,Green,1
Orangeburg,Holly Hill 1,Straight Party 1,,GRN,Green,0
Orangeburg,Jamison,Straight Party 1,,GRN,Green,1
Orangeburg,Limestone 1,Straight Party 1,,GRN,Green,1
Orangeburg,Neeses-Livingston,Straight Party 1,,GRN,Green,0
Orangeburg,Nix,Straight Party 1,,GRN,Green,2
Orangeburg,North 2,Straight Party 1,,GRN,Green,1
Orangeburg,North 1,Straight Party 1,,GRN,Green,0
Orangeburg,Norway,Straight Party 1,,GRN,Green,0
Orangeburg,Pine Hill,Straight Party 1,,GRN,Green,1
Orangeburg,Providence,Straight Party 1,,GRN,Green,1
Orangeburg,Rowesville,Straight Party 1,,GRN,Green,4
Orangeburg,Santee 1,Straight Party 1,,GRN,Green,0
Orangeburg,Springfield,Straight Party 1,,GRN,Green,2
Orangeburg,Vance,Straight Party 1,,GRN,Green,1
Orangeburg,Whittaker,Straight Party 1,,GRN,Green,1
Orangeburg,Bolentown,Straight Party 1,,GRN,Green,2
Orangeburg,Cordova 2,Straight Party 1,,GRN,Green,2
Orangeburg,Elloree 2,Straight Party 1,,GRN,Green,0
Orangeburg,Limestone 2,Straight Party 1,,GRN,Green,4
Orangeburg,Santee 2,Straight Party 1,,GRN,Green,0
Orangeburg,Absentee,Straight Party 1,,GRN,Green,6
Orangeburg,Emergency,Straight Party 1,,GRN,Green,0
Orangeburg,Failsafe,Straight Party 1,,GRN,Green,0
Orangeburg,Provisional,Straight Party 1,,GRN,Green,0
Orangeburg,Failsafe Provisional,Straight Party 1,,GRN,Green,0
Orangeburg,Orangeburg Ward 1,President and Vice President,,REP,Mitt Romney / Paul Ryan,151
Orangeburg,Orangeburg Ward 2,President and Vice President,,REP,Mitt Romney / Paul Ryan,8
Orangeburg,Orangeburg Ward 3,President and Vice President,,REP,Mitt Romney / Paul Ryan,29
Orangeburg,Orangeburg Ward 4,President and Vice President,,REP,Mitt Romney / Paul Ryan,2
Orangeburg,Orangeburg Ward 5,President and Vice President,,REP,Mitt Romney / Paul Ryan,20
Orangeburg,Orangeburg Ward 6,President and Vice President,,REP,Mitt Romney / Paul Ryan,87
Orangeburg,Ornageburg Ward 7,President and Vice President,,REP,Mitt Romney / Paul Ryan,215
Orangeburg,Orangeburg Ward 8,President and Vice President,,REP,Mitt Romney / Paul Ryan,162
Orangeburg,Orangeburg Ward 9,President and Vice President,,REP,Mitt Romney / Paul Ryan,76
Orangeburg,Orangeburg Ward 10,President and Vice President,,REP,Mitt Romney / Paul Ryan,176
Orangeburg,Suburban 1,President and Vice President,,REP,Mitt Romney / Paul Ryan,6
Orangeburg,Suburban 2,President and Vice President,,REP,Mitt Romney / Paul Ryan,6
Orangeburg,Suburban 3,President and Vice President,,REP,Mitt Romney / Paul Ryan,69
Orangeburg,Suburban 4,President and Vice President,,REP,Mitt Romney / Paul Ryan,77
Orangeburg,Suburban 5,President and Vice President,,REP,Mitt Romney / Paul Ryan,136
Orangeburg,Suburban 6,President and Vice President,,REP,Mitt Romney / Paul Ryan,152
Orangeburg,Suburban 7,President and Vice President,,REP,Mitt Romney / Paul Ryan,513
Orangeburg,Suburban 8,President and Vice President,,REP,Mitt Romney / Paul Ryan,224
Orangeburg,Suburban 9,President and Vice President,,REP,Mitt Romney / Paul Ryan,129
Orangeburg,Bethel,President and Vice President,,REP,Mitt Romney / Paul Ryan,111
Orangeburg,Bowman 1,President and Vice President,,REP,Mitt Romney / Paul Ryan,197
Orangeburg,Bowman 2,President and Vice President,,REP,Mitt Romney / Paul Ryan,207
Orangeburg,Branchville 1,President and Vice President,,REP,Mitt Romney / Paul Ryan,300
Orangeburg,Branchville 2,President and Vice President,,REP,Mitt Romney / Paul Ryan,179
Orangeburg,Brookdale,President and Vice President,,REP,Mitt Romney / Paul Ryan,17
Orangeburg,Cope,President and Vice President,,REP,Mitt Romney / Paul Ryan,240
Orangeburg,Cordova 1,President and Vice President,,REP,Mitt Romney / Paul Ryan,445
Orangeburg,Edisto,President and Vice President,,REP,Mitt Romney / Paul Ryan,454
Orangeburg,Elloree 1,President and Vice President,,REP,Mitt Romney / Paul Ryan,246
Orangeburg,Eutawville 1,President and Vice President,,REP,Mitt Romney / Paul Ryan,420
Orangeburg,Eutawville 2,President and Vice President,,REP,Mitt Romney / Paul Ryan,154
Orangeburg,Four Holes,President and Vice President,,REP,Mitt Romney / Paul Ryan,264
Orangeburg,Holly Hill 2,President and Vice President,,REP,Mitt Romney / Paul Ryan,148
Orangeburg,Holly Hill 1,President and Vice President,,REP,Mitt Romney / Paul Ryan,400
Orangeburg,Jamison,President and Vice President,,REP,Mitt Romney / Paul Ryan,274
Orangeburg,Limestone 1,President and Vice President,,REP,Mitt Romney / Paul Ryan,270
Orangeburg,Neeses-Livingston,President and Vice President,,REP,Mitt Romney / Paul Ryan,342
Orangeburg,Nix,President and Vice President,,REP,Mitt Romney / Paul Ryan,7
Orangeburg,North 2,President and Vice President,,REP,Mitt Romney / Paul Ryan,318
Orangeburg,North 1,President and Vice President,,REP,Mitt Romney / Paul Ryan,265
Orangeburg,Norway,President and Vice President,,REP,Mitt Romney / Paul Ryan,278
Orangeburg,Pine Hill,President and Vice President,,REP,Mitt Romney / Paul Ryan,264
Orangeburg,Providence,President and Vice President,,REP,Mitt Romney / Paul Ryan,179
Orangeburg,Rowesville,President and Vice President,,REP,Mitt Romney / Paul Ryan,130
Orangeburg,Santee 1,President and Vice President,,REP,Mitt Romney / Paul Ryan,414
Orangeburg,Springfield,President and Vice President,,REP,Mitt Romney / Paul Ryan,319
Orangeburg,Vance,President and Vice President,,REP,Mitt Romney / Paul Ryan,168
Orangeburg,Whittaker,President and Vice President,,REP,Mitt Romney / Paul Ryan,60
Orangeburg,Bolentown,President and Vice President,,REP,Mitt Romney / Paul Ryan,431
Orangeburg,Cordova 2,President and Vice President,,REP,Mitt Romney / Paul Ryan,293
Orangeburg,Elloree 2,President and Vice President,,REP,Mitt Romney / Paul Ryan,78
Orangeburg,Limestone 2,President and Vice President,,REP,Mitt Romney / Paul Ryan,271
Orangeburg,Santee 2,President and Vice President,,REP,Mitt Romney / Paul Ryan,41
Orangeburg,Absentee,President and Vice President,,REP,Mitt Romney / Paul Ryan,1560
Orangeburg,Emergency,President and Vice President,,REP,Mitt Romney / Paul Ryan,0
Orangeburg,Failsafe,President and Vice President,,REP,Mitt Romney / Paul Ryan,23
Orangeburg,Provisional,President and Vice President,,REP,Mitt Romney / Paul Ryan,0
Orangeburg,Failsafe Provisional,President and Vice President,,REP,Mitt Romney / Paul Ryan,17
Orangeburg,Orangeburg Ward 1,President and Vice President,,LIB,Gary Johnson / James P Gray,1
Orangeburg,Orangeburg Ward 2,President and Vice President,,LIB,Gary Johnson / James P Gray,0
Orangeburg,Orangeburg Ward 3,President and Vice President,,LIB,Gary Johnson / James P Gray,1
Orangeburg,Orangeburg Ward 4,President and Vice President,,LIB,Gary Johnson / James P Gray,0
Orangeburg,Orangeburg Ward 5,President and Vice President,,LIB,Gary Johnson / James P Gray,1
Orangeburg,Orangeburg Ward 6,President and Vice President,,LIB,Gary Johnson / James P Gray,1
Orangeburg,Ornageburg Ward 7,President and Vice President,,LIB,Gary Johnson / James P Gray,2
Orangeburg,Orangeburg Ward 8,President and Vice President,,LIB,Gary Johnson / James P Gray,1
Orangeburg,Orangeburg Ward 9,President and Vice President,,LIB,Gary Johnson / James P Gray,0
Orangeburg,Orangeburg Ward 10,President and Vice President,,LIB,Gary Johnson / James P Gray,4
Orangeburg,Suburban 1,President and Vice President,,LIB,Gary Johnson / James P Gray,0
Orangeburg,Suburban 2,President and Vice President,,LIB,Gary Johnson / James P Gray,0
Orangeburg,Suburban 3,President and Vice President,,LIB,Gary Johnson / James P Gray,2
Orangeburg,Suburban 4,President and Vice President,,LIB,Gary Johnson / James P Gray,1
Orangeburg,Suburban 5,President and Vice President,,LIB,Gary Johnson / James P Gray,4
Orangeburg,Suburban 6,President and Vice President,,LIB,Gary Johnson / James P Gray,0
Orangeburg,Suburban 7,President and Vice President,,LIB,Gary Johnson / James P Gray,1
Orangeburg,Suburban 8,President and Vice President,,LIB,Gary Johnson / James P Gray,4
Orangeburg,Suburban 9,President and Vice President,,LIB,Gary Johnson / James P Gray,3
Orangeburg,Bethel,President and Vice President,,LIB,Gary Johnson / James P Gray,4
Orangeburg,Bowman 1,President and Vice President,,LIB,Gary Johnson / James P Gray,4
Orangeburg,Bowman 2,President and Vice President,,LIB,Gary Johnson / James P Gray,0
Orangeburg,Branchville 1,President and Vice President,,LIB,Gary Johnson / James P Gray,1
Orangeburg,Branchville 2,President and Vice President,,LIB,Gary Johnson / James P Gray,2
Orangeburg,Brookdale,President and Vice President,,LIB,Gary Johnson / James P Gray,2
Orangeburg,Cope,President and Vice President,,LIB,Gary Johnson / James P Gray,1
Orangeburg,Cordova 1,President and Vice President,,LIB,Gary Johnson / James P Gray,3
Orangeburg,Edisto,President and Vice President,,LIB,Gary Johnson / James P Gray,3
Orangeburg,Elloree 1,President and Vice President,,LIB,Gary Johnson / James P Gray,9
Orangeburg,Eutawville 1,President and Vice President,,LIB,Gary Johnson / James P Gray,4
Orangeburg,Eutawville 2,President and Vice President,,LIB,Gary Johnson / James P Gray,3
Orangeburg,Four Holes,President and Vice President,,LIB,Gary Johnson / James P Gray,1
Orangeburg,Holly Hill 2,President and Vice President,,LIB,Gary Johnson / James P Gray,4
Orangeburg,Holly Hill 1,President and Vice President,,LIB,Gary Johnson / James P Gray,4
Orangeburg,Jamison,President and Vice President,,LIB,Gary Johnson / James P Gray,0
Orangeburg,Limestone 1,President and Vice President,,LIB,Gary Johnson / James P Gray,7
Orangeburg,Neeses-Livingston,President and Vice President,,LIB,Gary Johnson / James P Gray,4
Orangeburg,Nix,President and Vice President,,LIB,Gary Johnson / James P Gray,1
Orangeburg,North 2,President and Vice President,,LIB,Gary Johnson / James P Gray,5
Orangeburg,North 1,President and Vice President,,LIB,Gary Johnson / James P Gray,3
Orangeburg,Norway,President and Vice President,,LIB,Gary Johnson / James P Gray,2
Orangeburg,Pine Hill,President and Vice President,,LIB,Gary Johnson / James P Gray,2
Orangeburg,Providence,President and Vice President,,LIB,Gary Johnson / James P Gray,2
Orangeburg,Rowesville,President and Vice President,,LIB,Gary Johnson / James P Gray,1
Orangeburg,Santee 1,President and Vice President,,LIB,Gary Johnson / James P Gray,1
Orangeburg,Springfield,President and Vice President,,LIB,Gary Johnson / James P Gray,2
Orangeburg,Vance,President and Vice President,,LIB,Gary Johnson / James P Gray,4
Orangeburg,Whittaker,President and Vice President,,LIB,Gary Johnson / James P Gray,0
Orangeburg,Bolentown,President and Vice President,,LIB,Gary Johnson / James P Gray,1
Orangeburg,Cordova 2,President and Vice President,,LIB,Gary Johnson / James P Gray,6
Orangeburg,Elloree 2,President and Vice President,,LIB,Gary Johnson / James P Gray,1
Orangeburg,Limestone 2,President and Vice President,,LIB,Gary Johnson / James P Gray,3
Orangeburg,Santee 2,President and Vice President,,LIB,Gary Johnson / James P Gray,1
Orangeburg,Absentee,President and Vice President,,LIB,Gary Johnson / James P Gray,24
Orangeburg,Emergency,President and Vice President,,LIB,Gary Johnson / James P Gray,0
Orangeburg,Failsafe,President and Vice President,,LIB,Gary Johnson / James P Gray,0
Orangeburg,Provisional,President and Vice President,,LIB,Gary Johnson / James P Gray,0
Orangeburg,Failsafe Provisional,President and Vice President,,LIB,Gary Johnson / James P Gray,2
Orangeburg,Orangeburg Ward 1,President and Vice President,,DEM,Barack Obama / Joe Biden,198
Orangeburg,Orangeburg Ward 2,President and Vice President,,DEM,Barack Obama / Joe Biden,260
Orangeburg,Orangeburg Ward 3,President and Vice President,,DEM,Barack Obama / Joe Biden,464
Orangeburg,Orangeburg Ward 4,President and Vice President,,DEM,Barack Obama / Joe Biden,1082
Orangeburg,Orangeburg Ward 5,President and Vice President,,DEM,Barack Obama / Joe Biden,249
Orangeburg,Orangeburg Ward 6,President and Vice President,,DEM,Barack Obama / Joe Biden,303
Orangeburg,Ornageburg Ward 7,President and Vice President,,DEM,Barack Obama / Joe Biden,201
Orangeburg,Orangeburg Ward 8,President and Vice President,,DEM,Barack Obama / Joe Biden,194
Orangeburg,Orangeburg Ward 9,President and Vice President,,DEM,Barack Obama / Joe Biden,242
Orangeburg,Orangeburg Ward 10,President and Vice President,,DEM,Barack Obama / Joe Biden,236
Orangeburg,Suburban 1,President and Vice President,,DEM,Barack Obama / Joe Biden,486
Orangeburg,Suburban 2,President and Vice President,,DEM,Barack Obama / Joe Biden,371
Orangeburg,Suburban 3,President and Vice President,,DEM,Barack Obama / Joe Biden,628
Orangeburg,Suburban 4,President and Vice President,,DEM,Barack Obama / Joe Biden,189
Orangeburg,Suburban 5,President and Vice President,,DEM,Barack Obama / Joe Biden,532
Orangeburg,Suburban 6,President and Vice President,,DEM,Barack Obama / Joe Biden,282
Orangeburg,Suburban 7,President and Vice President,,DEM,Barack Obama / Joe Biden,273
Orangeburg,Suburban 8,President and Vice President,,DEM,Barack Obama / Joe Biden,234
Orangeburg,Suburban 9,President and Vice President,,DEM,Barack Obama / Joe Biden,528
Orangeburg,Bethel,President and Vice President,,DEM,Barack Obama / Joe Biden,262
Orangeburg,Bowman 1,President and Vice President,,DEM,Barack Obama / Joe Biden,552
Orangeburg,Bowman 2,President and Vice President,,DEM,Barack Obama / Joe Biden,303
Orangeburg,Branchville 1,President and Vice President,,DEM,Barack Obama / Joe Biden,280
Orangeburg,Branchville 2,President and Vice President,,DEM,Barack Obama / Joe Biden,111
Orangeburg,Brookdale,President and Vice President,,DEM,Barack Obama / Joe Biden,593
Orangeburg,Cope,President and Vice President,,DEM,Barack Obama / Joe Biden,193
Orangeburg,Cordova 1,President and Vice President,,DEM,Barack Obama / Joe Biden,413
Orangeburg,Edisto,President and Vice President,,DEM,Barack Obama / Joe Biden,175
Orangeburg,Elloree 1,President and Vice President,,DEM,Barack Obama / Joe Biden,251
Orangeburg,Eutawville 1,President and Vice President,,DEM,Barack Obama / Joe Biden,366
Orangeburg,Eutawville 2,President and Vice President,,DEM,Barack Obama / Joe Biden,656
Orangeburg,Four Holes,President and Vice President,,DEM,Barack Obama / Joe Biden,114
Orangeburg,Holly Hill 2,President and Vice President,,DEM,Barack Obama / Joe Biden,793
Orangeburg,Holly Hill 1,President and Vice President,,DEM,Barack Obama / Joe Biden,499
Orangeburg,Jamison,President and Vice President,,DEM,Barack Obama / Joe Biden,664
Orangeburg,Limestone 1,President and Vice President,,DEM,Barack Obama / Joe Biden,628
Orangeburg,Neeses-Livingston,President and Vice President,,DEM,Barack Obama / Joe Biden,219
Orangeburg,Nix,President and Vice President,,DEM,Barack Obama / Joe Biden,685
Orangeburg,North 2,President and Vice President,,DEM,Barack Obama / Joe Biden,336
Orangeburg,North 1,President and Vice President,,DEM,Barack Obama / Joe Biden,382
Orangeburg,Norway,President and Vice President,,DEM,Barack Obama / Joe Biden,494
Orangeburg,Pine Hill,President and Vice President,,DEM,Barack Obama / Joe Biden,389
Orangeburg,Providence,President and Vice President,,DEM,Barack Obama / Joe Biden,425
Orangeburg,Rowesville,President and Vice President,,DEM,Barack Obama / Joe Biden,213
Orangeburg,Santee 1,President and Vice President,,DEM,Barack Obama / Joe Biden,274
Orangeburg,Springfield,President and Vice President,,DEM,Barack Obama / Joe Biden,416
Orangeburg,Vance,President and Vice President,,DEM,Barack Obama / Joe Biden,451
Orangeburg,Whittaker,President and Vice President,,DEM,Barack Obama / Joe Biden,556
Orangeburg,Bolentown,President and Vice President,,DEM,Barack Obama / Joe Biden,351
Orangeburg,Cordova 2,President and Vice President,,DEM,Barack Obama / Joe Biden,528
Orangeburg,Elloree 2,President and Vice President,,DEM,Barack Obama / Joe Biden,296
Orangeburg,Limestone 2,President and Vice President,,DEM,Barack Obama / Joe Biden,488
Orangeburg,Santee 2,President and Vice President,,DEM,Barack Obama / Joe Biden,555
Orangeburg,Absentee,President and Vice President,,DEM,Barack Obama / Joe Biden,9524
Orangeburg,Emergency,President and Vice President,,DEM,Barack Obama / Joe Biden,0
Orangeburg,Failsafe,President and Vice President,,DEM,Barack Obama / Joe Biden,227
Orangeburg,Provisional,President and Vice President,,DEM,Barack Obama / Joe Biden,0
Orangeburg,Failsafe Provisional,President and Vice President,,DEM,Barack Obama / Joe Biden,106
Orangeburg,Orangeburg Ward 1,President and Vice President,,CON,Virgil Goode / Jim Clymer,1
Orangeburg,Orangeburg Ward 2,President and Vice President,,CON,Virgil Goode / Jim Clymer,0
Orangeburg,Orangeburg Ward 3,President and Vice President,,CON,Virgil Goode / Jim Clymer,0
Orangeburg,Orangeburg Ward 4,President and Vice President,,CON,Virgil Goode / Jim Clymer,1
Orangeburg,Orangeburg Ward 5,President and Vice President,,CON,Virgil Goode / Jim Clymer,0
Orangeburg,Orangeburg Ward 6,President and Vice President,,CON,Virgil Goode / Jim Clymer,2
Orangeburg,Ornageburg Ward 7,President and Vice President,,CON,Virgil Goode / Jim Clymer,0
Orangeburg,Orangeburg Ward 8,President and Vice President,,CON,Virgil Goode / Jim Clymer,0
Orangeburg,Orangeburg Ward 9,President and Vice President,,CON,Virgil Goode / Jim Clymer,2
Orangeburg,Orangeburg Ward 10,President and Vice President,,CON,Virgil Goode / Jim Clymer,3
Orangeburg,Suburban 1,President and Vice President,,CON,Virgil Goode / Jim Clymer,1
Orangeburg,Suburban 2,President and Vice President,,CON,Virgil Goode / Jim Clymer,1
Orangeburg,Suburban 3,President and Vice President,,CON,Virgil Goode / Jim Clymer,3
Orangeburg,Suburban 4,President and Vice President,,CON,Virgil Goode / Jim Clymer,0
Orangeburg,Suburban 5,President and Vice President,,CON,Virgil Goode / Jim Clymer,2
Orangeburg,Suburban 6,President and Vice President,,CON,Virgil Goode / Jim Clymer,0
Orangeburg,Suburban 7,President and Vice President,,CON,Virgil Goode / Jim Clymer,2
Orangeburg,Suburban 8,President and Vice President,,CON,Virgil Goode / Jim Clymer,3
Orangeburg,Suburban 9,President and Vice President,,CON,Virgil Goode / Jim Clymer,4
Orangeburg,Bethel,President and Vice President,,CON,Virgil Goode / Jim Clymer,1
Orangeburg,Bowman 1,President and Vice President,,CON,Virgil Goode / Jim Clymer,2
Orangeburg,Bowman 2,President and Vice President,,CON,Virgil Goode / Jim Clymer,2
Orangeburg,Branchville 1,President and Vice President,,CON,Virgil Goode / Jim Clymer,1
Orangeburg,Branchville 2,President and Vice President,,CON,Virgil Goode / Jim Clymer,0
Orangeburg,Brookdale,President and Vice President,,CON,Virgil Goode / Jim Clymer,0
Orangeburg,Cope,President and Vice President,,CON,Virgil Goode / Jim Clymer,2
Orangeburg,Cordova 1,President and Vice President,,CON,Virgil Goode / Jim Clymer,1
Orangeburg,Edisto,President and Vice President,,CON,Virgil Goode / Jim Clymer,1
Orangeburg,Elloree 1,President and Vice President,,CON,Virgil Goode / Jim Clymer,2
Orangeburg,Eutawville 1,President and Vice President,,CON,Virgil Goode / Jim Clymer,0
Orangeburg,Eutawville 2,President and Vice President,,CON,Virgil Goode / Jim Clymer,1
Orangeburg,Four Holes,President and Vice President,,CON,Virgil Goode / Jim Clymer,0
Orangeburg,Holly Hill 2,President and Vice President,,CON,Virgil Goode / Jim Clymer,1
Orangeburg,Holly Hill 1,President and Vice President,,CON,Virgil Goode / Jim Clymer,0
Orangeburg,Jamison,President and Vice President,,CON,Virgil Goode / Jim Clymer,1
Orangeburg,Limestone 1,President and Vice President,,CON,Virgil Goode / Jim Clymer,1
Orangeburg,Neeses-Livingston,President and Vice President,,CON,Virgil Goode / Jim Clymer,3
Orangeburg,Nix,President and Vice President,,CON,Virgil Goode / Jim Clymer,0
Orangeburg,North 2,President and Vice President,,CON,Virgil Goode / Jim Clymer,4
Orangeburg,North 1,President and Vice President,,CON,Virgil Goode / Jim Clymer,1
Orangeburg,Norway,President and Vice President,,CON,Virgil Goode / Jim Clymer,4
Orangeburg,Pine Hill,President and Vice President,,CON,Virgil Goode / Jim Clymer,0
Orangeburg,Providence,President and Vice President,,CON,Virgil Goode / Jim Clymer,3
Orangeburg,Rowesville,President and Vice President,,CON,Virgil Goode / Jim Clymer,1
Orangeburg,Santee 1,President and Vice President,,CON,Virgil Goode / Jim Clymer,4
Orangeburg,Springfield,President and Vice President,,CON,Virgil Goode / Jim Clymer,3
Orangeburg,Vance,President and Vice President,,CON,Virgil Goode / Jim Clymer,0
Orangeburg,Whittaker,President and Vice President,,CON,Virgil Goode / Jim Clymer,0
Orangeburg,Bolentown,President and Vice President,,CON,Virgil Goode / Jim Clymer,1
Orangeburg,Cordova 2,President and Vice President,,CON,Virgil Goode / Jim Clymer,3
Orangeburg,Elloree 2,President and Vice President,,CON,Virgil Goode / Jim Clymer,2
Orangeburg,Limestone 2,President and Vice President,,CON,Virgil Goode / Jim Clymer,1
Orangeburg,Santee 2,President and Vice President,,CON,Virgil Goode / Jim Clymer,1
Orangeburg,Absentee,President and Vice President,,CON,Virgil Goode / Jim Clymer,13
Orangeburg,Emergency,President and Vice President,,CON,Virgil Goode / Jim Clymer,0
Orangeburg,Failsafe,President and Vice President,,CON,Virgil Goode / Jim Clymer,1
Orangeburg,Provisional,President and Vice President,,CON,Virgil Goode / Jim Clymer,0
Orangeburg,Failsafe Provisional,President and Vice President,,CON,Virgil Goode / Jim Clymer,0
Orangeburg,Orangeburg Ward 1,President and Vice President,,GRN,Jill Stein / Cheri Honkala,3
Orangeburg,Orangeburg Ward 2,President and Vice President,,GRN,Jill Stein / Cheri Honkala,0
Orangeburg,Orangeburg Ward 3,President and Vice President,,GRN,Jill Stein / Cheri Honkala,0
Orangeburg,Orangeburg Ward 4,President and Vice President,,GRN,Jill Stein / Cheri Honkala,0
Orangeburg,Orangeburg Ward 5,President and Vice President,,GRN,Jill Stein / Cheri Honkala,0
Orangeburg,Orangeburg Ward 6,President and Vice President,,GRN,Jill Stein / Cheri Honkala,2
Orangeburg,Ornageburg Ward 7,President and Vice President,,GRN,Jill Stein / Cheri Honkala,0
Orangeburg,Orangeburg Ward 8,President and Vice President,,GRN,Jill Stein / Cheri Honkala,1
Orangeburg,Orangeburg Ward 9,President and Vice President,,GRN,Jill Stein / Cheri Honkala,2
Orangeburg,Orangeburg Ward 10,President and Vice President,,GRN,Jill Stein / Cheri Honkala,0
Orangeburg,Suburban 1,President and Vice President,,GRN,Jill Stein / Cheri Honkala,1
Orangeburg,Suburban 2,President and Vice President,,GRN,Jill Stein / Cheri Honkala,1
Orangeburg,Suburban 3,President and Vice President,,GRN,Jill Stein / Cheri Honkala,1
Orangeburg,Suburban 4,President and Vice President,,GRN,Jill Stein / Cheri Honkala,2
Orangeburg,Suburban 5,President and Vice President,,GRN,Jill Stein / Cheri Honkala,2
Orangeburg,Suburban 6,President and Vice President,,GRN,Jill Stein / Cheri Honkala,3
Orangeburg,Suburban 7,President and Vice President,,GRN,Jill Stein / Cheri Honkala,3
Orangeburg,Suburban 8,President and Vice President,,GRN,Jill Stein / Cheri Honkala,1
Orangeburg,Suburban 9,President and Vice President,,GRN,Jill Stein / Cheri Honkala,1
Orangeburg,Bethel,President and Vice President,,GRN,Jill Stein / Cheri Honkala,0
Orangeburg,Bowman 1,President and Vice President,,GRN,Jill Stein / Cheri Honkala,0
Orangeburg,Bowman 2,President and Vice President,,GRN,Jill Stein / Cheri Honkala,2
Orangeburg,Branchville 1,President and Vice President,,GRN,Jill Stein / Cheri Honkala,0
Orangeburg,Branchville 2,President and Vice President,,GRN,Jill Stein / Cheri Honkala,1
Orangeburg,Brookdale,President and Vice President,,GRN,Jill Stein / Cheri Honkala,0
Orangeburg,Cope,President and Vice President,,GRN,Jill Stein / Cheri Honkala,0
Orangeburg,Cordova 1,President and Vice President,,GRN,Jill Stein / Cheri Honkala,1
Orangeburg,Edisto,President and Vice President,,GRN,Jill Stein / Cheri Honkala,3
Orangeburg,Elloree 1,President and Vice President,,GRN,Jill Stein / Cheri Honkala,2
Orangeburg,Eutawville 1,President and Vice President,,GRN,Jill Stein / Cheri Honkala,2
Orangeburg,Eutawville 2,President and Vice President,,GRN,Jill Stein / Cheri Honkala,2
Orangeburg,Four Holes,President and Vice President,,GRN,Jill Stein / Cheri Honkala,1
Orangeburg,Holly Hill 2,President and Vice President,,GRN,Jill Stein / Cheri Honkala,0
Orangeburg,Holly Hill 1,President and Vice President,,GRN,Jill Stein / Cheri Honkala,0
Orangeburg,Jamison,President and Vice President,,GRN,Jill Stein / Cheri Honkala,2
Orangeburg,Limestone 1,President and Vice President,,GRN,Jill Stein / Cheri Honkala,2
Orangeburg,Neeses-Livingston,President and Vice President,,GRN,Jill Stein / Cheri Honkala,1
Orangeburg,Nix,President and Vice President,,GRN,Jill Stein / Cheri Honkala,0
Orangeburg,North 2,President and Vice President,,GRN,Jill Stein / Cheri Honkala,2
Orangeburg,North 1,President and Vice President,,GRN,Jill Stein / Cheri Honkala,1
Orangeburg,Norway,President and Vice President,,GRN,Jill Stein / Cheri Honkala,0
Orangeburg,Pine Hill,President and Vice President,,GRN,Jill Stein / Cheri Honkala,1
Orangeburg,Providence,President and Vice President,,GRN,Jill Stein / Cheri Honkala,1
Orangeburg,Rowesville,President and Vice President,,GRN,Jill Stein / Cheri Honkala,2
Orangeburg,Santee 1,President and Vice President,,GRN,Jill Stein / Cheri Honkala,2
Orangeburg,Springfield,President and Vice President,,GRN,Jill Stein / Cheri Honkala,1
Orangeburg,Vance,President and Vice President,,GRN,Jill Stein / Cheri Honkala,1
Orangeburg,Whittaker,President and Vice President,,GRN,Jill Stein / Cheri Honkala,0
Orangeburg,Bolentown,President and Vice President,,GRN,Jill Stein / Cheri Honkala,1
Orangeburg,Cordova 2,President and Vice President,,GRN,Jill Stein / Cheri Honkala,0
Orangeburg,Elloree 2,President and Vice President,,GRN,Jill Stein / Cheri Honkala,1
Orangeburg,Limestone 2,President and Vice President,,GRN,Jill Stein / Cheri Honkala,3
Orangeburg,Santee 2,President and Vice President,,GRN,Jill Stein / Cheri Honkala,0
Orangeburg,Absentee,President and Vice President,,GRN,Jill Stein / Cheri Honkala,12
Orangeburg,Emergency,President and Vice President,,GRN,Jill Stein / Cheri Honkala,0
Orangeburg,Failsafe,President and Vice President,,GRN,Jill Stein / Cheri Honkala,0
Orangeburg,Provisional,President and Vice President,,GRN,Jill Stein / Cheri Honkala,0
Orangeburg,Failsafe Provisional,President and Vice President,,GRN,Jill Stein / Cheri Honkala,0
Orangeburg,Cope,U.S. House of Representatives,2,REP,Joe Wilson,251
Orangeburg,Cordova 1,U.S. House of Representatives,2,REP,Joe Wilson,518
Orangeburg,Edisto,U.S. House of Representatives,2,REP,Joe Wilson,492
Orangeburg,Neeses-Livingston,U.S. House of Representatives,2,REP,Joe Wilson,369
Orangeburg,North 2,U.S. House of Representatives,2,REP,Joe Wilson,387
Orangeburg,North 1,U.S. House of Representatives,2,REP,Joe Wilson,318
Orangeburg,Norway,U.S. House of Representatives,2,REP,Joe Wilson,301
Orangeburg,Pine Hill,U.S. House of Representatives,2,REP,Joe Wilson,316
Orangeburg,Springfield,U.S. House of Representatives,2,REP,Joe Wilson,345
Orangeburg,Bolentown,U.S. House of Representatives,2,REP,Joe Wilson,492
Orangeburg,Cordova 2,U.S. House of Representatives,2,REP,Joe Wilson,378
Orangeburg,Absentee,U.S. House of Representatives,2,REP,Joe Wilson,462
Orangeburg,Emergency,U.S. House of Representatives,2,REP,Joe Wilson,0
Orangeburg,Failsafe,U.S. House of Representatives,2,REP,Joe Wilson,10
Orangeburg,Provisional,U.S. House of Representatives,2,REP,Joe Wilson,0
Orangeburg,Failsafe Provisional,U.S. House of Representatives,2,REP,Joe Wilson,4
Orangeburg,Cope,U.S. House of Representatives,2,NON,Write-In,3
Orangeburg,Cordova 1,U.S. House of Representatives,2,NON,Write-In,11
Orangeburg,Edisto,U.S. House of Representatives,2,NON,Write-In,1
Orangeburg,Neeses-Livingston,U.S. House of Representatives,2,NON,Write-In,6
Orangeburg,North 2,U.S. House of Representatives,2,NON,Write-In,4
Orangeburg,North 1,U.S. House of Representatives,2,NON,Write-In,7
Orangeburg,Norway,U.S. House of Representatives,2,NON,Write-In,4
Orangeburg,Pine Hill,U.S. House of Representatives,2,NON,Write-In,8
Orangeburg,Springfield,U.S. House of Representatives,2,NON,Write-In,5
Orangeburg,Bolentown,U.S. House of Representatives,2,NON,Write-In,12
Orangeburg,Cordova 2,U.S. House of Representatives,2,NON,Write-In,9
Orangeburg,Absentee,U.S. House of Representatives,2,NON,Write-In,13
Orangeburg,Emergency,U.S. House of Representatives,2,NON,Write-In,0
Orangeburg,Failsafe,U.S. House of Representatives,2,NON,Write-In,0
Orangeburg,Provisional,U.S. House of Representatives,2,NON,Write-In,0
Orangeburg,Failsafe Provisional,U.S. House of Representatives,2,NON,Write-In,0
Orangeburg,Orangeburg Ward 1,U.S. House of Representatives,6,DEM,James E Jim Clyburn,259
Orangeburg,Orangeburg Ward 2,U.S. House of Representatives,6,DEM,James E Jim Clyburn,251
Orangeburg,Orangeburg Ward 3,U.S. House of Representatives,6,DEM,James E Jim Clyburn,469
Orangeburg,Orangeburg Ward 4,U.S. House of Representatives,6,DEM,James E Jim Clyburn,1034
Orangeburg,Orangeburg Ward 5,U.S. House of Representatives,6,DEM,James E Jim Clyburn,251
Orangeburg,Orangeburg Ward 6,U.S. House of Representatives,6,DEM,James E Jim Clyburn,328
Orangeburg,Ornageburg Ward 7,U.S. House of Representatives,6,DEM,James E Jim Clyburn,268
Orangeburg,Orangeburg Ward 8,U.S. House of Representatives,6,DEM,James E Jim Clyburn,247
Orangeburg,Orangeburg Ward 9,U.S. House of Representatives,6,DEM,James E Jim Clyburn,264
Orangeburg,Orangeburg Ward 10,U.S. House of Representatives,6,DEM,James E Jim Clyburn,293
Orangeburg,Suburban 1,U.S. House of Representatives,6,DEM,James E Jim Clyburn,480
Orangeburg,Suburban 2,U.S. House of Representatives,6,DEM,James E Jim Clyburn,373
Orangeburg,Suburban 3,U.S. House of Representatives,6,DEM,James E Jim Clyburn,652
Orangeburg,Suburban 4,U.S. House of Representatives,6,DEM,James E Jim Clyburn,215
Orangeburg,Suburban 5,U.S. House of Representatives,6,DEM,James E Jim Clyburn,574
Orangeburg,Suburban 6,U.S. House of Representatives,6,DEM,James E Jim Clyburn,333
Orangeburg,Suburban 7,U.S. House of Representatives,6,DEM,James E Jim Clyburn,442
Orangeburg,Suburban 8,U.S. House of Representatives,6,DEM,James E Jim Clyburn,304
Orangeburg,Suburban 9,U.S. House of Representatives,6,DEM,James E Jim Clyburn,564
Orangeburg,Bethel,U.S. House of Representatives,6,DEM,James E Jim Clyburn,301
Orangeburg,Bowman 1,U.S. House of Representatives,6,DEM,James E Jim Clyburn,635
Orangeburg,Bowman 2,U.S. House of Representatives,6,DEM,James E Jim Clyburn,384
Orangeburg,Branchville 1,U.S. House of Representatives,6,DEM,James E Jim Clyburn,415
Orangeburg,Branchville 2,U.S. House of Representatives,6,DEM,James E Jim Clyburn,193
Orangeburg,Brookdale,U.S. House of Representatives,6,DEM,James E Jim Clyburn,591
Orangeburg,Elloree 1,U.S. House of Representatives,6,DEM,James E Jim Clyburn,314
Orangeburg,Eutawville 1,U.S. House of Representatives,6,DEM,James E Jim Clyburn,490
Orangeburg,Eutawville 2,U.S. House of Representatives,6,DEM,James E Jim Clyburn,714
Orangeburg,Four Holes,U.S. House of Representatives,6,DEM,James E Jim Clyburn,199
Orangeburg,Holly Hill 2,U.S. House of Representatives,6,DEM,James E Jim Clyburn,849
Orangeburg,Holly Hill 1,U.S. House of Representatives,6,DEM,James E Jim Clyburn,660
Orangeburg,Jamison,U.S. House of Representatives,6,DEM,James E Jim Clyburn,765
Orangeburg,Limestone 1,U.S. House of Representatives,6,DEM,James E Jim Clyburn,701
Orangeburg,Nix,U.S. House of Representatives,6,DEM,James E Jim Clyburn,673
Orangeburg,North 2,U.S. House of Representatives,6,DEM,James E Jim Clyburn,1
Orangeburg,Pine Hill,U.S. House of Representatives,6,DEM,James E Jim Clyburn,69
Orangeburg,Providence,U.S. House of Representatives,6,DEM,James E Jim Clyburn,488
Orangeburg,Rowesville,U.S. House of Representatives,6,DEM,James E Jim Clyburn,266
Orangeburg,Santee 1,U.S. House of Representatives,6,DEM,James E Jim Clyburn,395
Orangeburg,Vance,U.S. House of Representatives,6,DEM,James E Jim Clyburn,505
Orangeburg,Whittaker,U.S. House of Representatives,6,DEM,James E Jim Clyburn,571
Orangeburg,Cordova 2,U.S. House of Representatives,6,DEM,James E Jim Clyburn,5
Orangeburg,Elloree 2,U.S. House of Representatives,6,DEM,James E Jim Clyburn,311
Orangeburg,Limestone 2,U.S. House of Representatives,6,DEM,James E Jim Clyburn,589
Orangeburg,Santee 2,U.S. House of Representatives,6,DEM,James E Jim Clyburn,573
Orangeburg,Absentee,U.S. House of Representatives,6,DEM,James E Jim Clyburn,8627
Orangeburg,Emergency,U.S. House of Representatives,6,DEM,James E Jim Clyburn,0
Orangeburg,Failsafe,U.S. House of Representatives,6,DEM,James E Jim Clyburn,205
Orangeburg,Provisional,U.S. House of Representatives,6,DEM,James E Jim Clyburn,0
Orangeburg,Failsafe Provisional,U.S. House of Representatives,6,DEM,James E Jim Clyburn,99
Orangeburg,Orangeburg Ward 1,U.S. House of Representatives,6,GRN,Nammu Y Muhammad,21
Orangeburg,Orangeburg Ward 2,U.S. House of Representatives,6,GRN,Nammu Y Muhammad,5
Orangeburg,Orangeburg Ward 3,U.S. House of Representatives,6,GRN,Nammu Y Muhammad,7
Orangeburg,Orangeburg Ward 4,U.S. House of Representatives,6,GRN,Nammu Y Muhammad,14
Orangeburg,Orangeburg Ward 5,U.S. House of Representatives,6,GRN,Nammu Y Muhammad,7
Orangeburg,Orangeburg Ward 6,U.S. House of Representatives,6,GRN,Nammu Y Muhammad,18
Orangeburg,Ornageburg Ward 7,U.S. House of Representatives,6,GRN,Nammu Y Muhammad,32
Orangeburg,Orangeburg Ward 8,U.S. House of Representatives,6,GRN,Nammu Y Muhammad,32
Orangeburg,Orangeburg Ward 9,U.S. House of Representatives,6,GRN,Nammu Y Muhammad,12
Orangeburg,Orangeburg Ward 10,U.S. House of Representatives,6,GRN,Nammu Y Muhammad,28
Orangeburg,Suburban 1,U.S. House of Representatives,6,GRN,Nammu Y Muhammad,6
Orangeburg,Suburban 2,U.S. House of Representatives,6,GRN,Nammu Y Muhammad,4
Orangeburg,Suburban 3,U.S. House of Representatives,6,GRN,Nammu Y Muhammad,7
Orangeburg,Suburban 4,U.S. House of Representatives,6,GRN,Nammu Y Muhammad,11
Orangeburg,Suburban 5,U.S. House of Representatives,6,GRN,Nammu Y Muhammad,29
Orangeburg,Suburban 6,U.S. House of Representatives,6,GRN,Nammu Y Muhammad,30
Orangeburg,Suburban 7,U.S. House of Representatives,6,GRN,Nammu Y Muhammad,77
Orangeburg,Suburban 8,U.S. House of Representatives,6,GRN,Nammu Y Muhammad,39
Orangeburg,Suburban 9,U.S. House of Representatives,6,GRN,Nammu Y Muhammad,16
Orangeburg,Bethel,U.S. House of Representatives,6,GRN,Nammu Y Muhammad,25
Orangeburg,Bowman 1,U.S. House of Representatives,6,GRN,Nammu Y Muhammad,20
Orangeburg,Bowman 2,U.S. House of Representatives,6,GRN,Nammu Y Muhammad,37
Orangeburg,Branchville 1,U.S. House of Representatives,6,GRN,Nammu Y Muhammad,37
Orangeburg,Branchville 2,U.S. House of Representatives,6,GRN,Nammu Y Muhammad,21
Orangeburg,Brookdale,U.S. House of Representatives,6,GRN,Nammu Y Muhammad,8
Orangeburg,Elloree 1,U.S. House of Representatives,6,GRN,Nammu Y Muhammad,47
Orangeburg,Eutawville 1,U.S. House of Representatives,6,GRN,Nammu Y Muhammad,64
Orangeburg,Eutawville 2,U.S. House of Representatives,6,GRN,Nammu Y Muhammad,22
Orangeburg,Four Holes,U.S. House of Representatives,6,GRN,Nammu Y Muhammad,40
Orangeburg,Holly Hill 2,U.S. House of Representatives,6,GRN,Nammu Y Muhammad,15
Orangeburg,Holly Hill 1,U.S. House of Representatives,6,GRN,Nammu Y Muhammad,38
Orangeburg,Jamison,U.S. House of Representatives,6,GRN,Nammu Y Muhammad,51
Orangeburg,Limestone 1,U.S. House of Representatives,6,GRN,Nammu Y Muhammad,50
Orangeburg,Nix,U.S. House of Representatives,6,GRN,Nammu Y Muhammad,5
Orangeburg,North 2,U.S. House of Representatives,6,GRN,Nammu Y Muhammad,0
Orangeburg,Pine Hill,U.S. House of Representatives,6,GRN,Nammu Y Muhammad,4
Orangeburg,Providence,U.S. House of Representatives,6,GRN,Nammu Y Muhammad,26
Orangeburg,Rowesville,U.S. House of Representatives,6,GRN,Nammu Y Muhammad,23
Orangeburg,Santee 1,U.S. House of Representatives,6,GRN,Nammu Y Muhammad,54
Orangeburg,Vance,U.S. House of Representatives,6,GRN,Nammu Y Muhammad,21
Orangeburg,Whittaker,U.S. House of Representatives,6,GRN,Nammu Y Muhammad,12
Orangeburg,Cordova 2,U.S. House of Representatives,6,GRN,Nammu Y Muhammad,0
Orangeburg,Elloree 2,U.S. House of Representatives,6,GRN,Nammu Y Muhammad,15
Orangeburg,Limestone 2,U.S. House of Representatives,6,GRN,Nammu Y Muhammad,47
Orangeburg,Santee 2,U.S. House of Representatives,6,GRN,Nammu Y Muhammad,8
Orangeburg,Absentee,U.S. House of Representatives,6,GRN,Nammu Y Muhammad,155
Orangeburg,Emergency,U.S. House of Representatives,6,GRN,Nammu Y Muhammad,0
Orangeburg,Failsafe,U.S. House of Representatives,6,GRN,Nammu Y Muhammad,5
Orangeburg,Provisional,U.S. House of Representatives,6,GRN,Nammu Y Muhammad,0
Orangeburg,Failsafe Provisional,U.S. House of Representatives,6,GRN,Nammu Y Muhammad,3
Orangeburg,Orangeburg Ward 1,U.S. House of Representatives,6,NON,Write-In,5
Orangeburg,Orangeburg Ward 2,U.S. House of Representatives,6,NON,Write-In,0
Orangeburg,Orangeburg Ward 3,U.S. House of Representatives,6,NON,Write-In,0
Orangeburg,Orangeburg Ward 4,U.S. House of Representatives,6,NON,Write-In,1
Orangeburg,Orangeburg Ward 5,U.S. House of Representatives,6,NON,Write-In,0
Orangeburg,Orangeburg Ward 6,U.S. House of Representatives,6,NON,Write-In,7
Orangeburg,Ornageburg Ward 7,U.S. House of Representatives,6,NON,Write-In,4
Orangeburg,Orangeburg Ward 8,U.S. House of Representatives,6,NON,Write-In,8
Orangeburg,Orangeburg Ward 9,U.S. House of Representatives,6,NON,Write-In,2
Orangeburg,Orangeburg Ward 10,U.S. House of Representatives,6,NON,Write-In,3
Orangeburg,Suburban 1,U.S. House of Representatives,6,NON,Write-In,0
Orangeburg,Suburban 2,U.S. House of Representatives,6,NON,Write-In,0
Orangeburg,Suburban 3,U.S. House of Representatives,6,NON,Write-In,1
Orangeburg,Suburban 4,U.S. House of Representatives,6,NON,Write-In,0
Orangeburg,Suburban 5,U.S. House of Representatives,6,NON,Write-In,2
Orangeburg,Suburban 6,U.S. House of Representatives,6,NON,Write-In,5
Orangeburg,Suburban 7,U.S. House of Representatives,6,NON,Write-In,23
Orangeburg,Suburban 8,U.S. House of Representatives,6,NON,Write-In,7
Orangeburg,Suburban 9,U.S. House of Representatives,6,NON,Write-In,5
Orangeburg,Bethel,U.S. House of Representatives,6,NON,Write-In,5
Orangeburg,Bowman 1,U.S. House of Representatives,6,NON,Write-In,7
Orangeburg,Bowman 2,U.S. House of Representatives,6,NON,Write-In,5
Orangeburg,Branchville 1,U.S. House of Representatives,6,NON,Write-In,2
Orangeburg,Branchville 2,U.S. House of Representatives,6,NON,Write-In,2
Orangeburg,Brookdale,U.S. House of Representatives,6,NON,Write-In,0
Orangeburg,Elloree 1,U.S. House of Representatives,6,NON,Write-In,4
Orangeburg,Eutawville 1,U.S. House of Representatives,6,NON,Write-In,12
Orangeburg,Eutawville 2,U.S. House of Representatives,6,NON,Write-In,6
Orangeburg,Four Holes,U.S. House of Representatives,6,NON,Write-In,8
Orangeburg,Holly Hill 2,U.S. House of Representatives,6,NON,Write-In,3
Orangeburg,Holly Hill 1,U.S. House of Representatives,6,NON,Write-In,7
Orangeburg,Jamison,U.S. House of Representatives,6,NON,Write-In,10
Orangeburg,Limestone 1,U.S. House of Representatives,6,NON,Write-In,10
Orangeburg,Nix,U.S. House of Representatives,6,NON,Write-In,0
Orangeburg,North 2,U.S. House of Representatives,6,NON,Write-In,0
Orangeburg,Pine Hill,U.S. House of Representatives,6,NON,Write-In,1
Orangeburg,Providence,U.S. House of Representatives,6,NON,Write-In,7
Orangeburg,Rowesville,U.S. House of Representatives,6,NON,Write-In,2
Orangeburg,Santee 1,U.S. House of Representatives,6,NON,Write-In,5
Orangeburg,Vance,U.S. House of Representatives,6,NON,Write-In,3
Orangeburg,Whittaker,U.S. House of Representatives,6,NON,Write-In,1
Orangeburg,Cordova 2,U.S. House of Representatives,6,NON,Write-In,0
Orangeburg,Elloree 2,U.S. House of Representatives,6,NON,Write-In,1
Orangeburg,Limestone 2,U.S. House of Representatives,6,NON,Write-In,7
Orangeburg,Santee 2,U.S. House of Representatives,6,NON,Write-In,2
Orangeburg,Absentee,U.S. House of Representatives,6,NON,Write-In,25
Orangeburg,Emergency,U.S. House of Representatives,6,NON,Write-In,0
Orangeburg,Failsafe,U.S. House of Representatives,6,NON,Write-In,0
Orangeburg,Provisional,U.S. House of Representatives,6,NON,Write-In,0
Orangeburg,Failsafe Provisional,U.S. House of Representatives,6,NON,Write-In,0
Orangeburg,Orangeburg Ward 2,State Senate District 39,,DEM,John Matthews,250
Orangeburg,Orangeburg Ward 3,State Senate District 39,,DEM,John Matthews,468
Orangeburg,Orangeburg Ward 4,State Senate District 39,,DEM,John Matthews,1038
Orangeburg,Orangeburg Ward 5,State Senate District 39,,DEM,John Matthews,254
Orangeburg,Suburban 2,State Senate District 39,,DEM,John Matthews,375
Orangeburg,Suburban 3,State Senate District 39,,DEM,John Matthews,654
Orangeburg,Suburban 4,State Senate District 39,,DEM,John Matthews,223
Orangeburg,Suburban 5,State Senate District 39,,DEM,John Matthews,593
Orangeburg,Bethel,State Senate District 39,,DEM,John Matthews,315
Orangeburg,Bowman 1,State Senate District 39,,DEM,John Matthews,655
Orangeburg,Bowman 2,State Senate District 39,,DEM,John Matthews,411
Orangeburg,Branchville 1,State Senate District 39,,DEM,John Matthews,445
Orangeburg,Branchville 2,State Senate District 39,,DEM,John Matthews,206
Orangeburg,Cope,State Senate District 39,,DEM,John Matthews,303
Orangeburg,Cordova 1,State Senate District 39,,DEM,John Matthews,594
Orangeburg,Edisto,State Senate District 39,,DEM,John Matthews,359
Orangeburg,Elloree 1,State Senate District 39,,DEM,John Matthews,337
Orangeburg,Eutawville 1,State Senate District 39,,DEM,John Matthews,519
Orangeburg,Eutawville 2,State Senate District 39,,DEM,John Matthews,722
Orangeburg,Four Holes,State Senate District 39,,DEM,John Matthews,235
Orangeburg,Holly Hill 2,State Senate District 39,,DEM,John Matthews,854
Orangeburg,Holly Hill 1,State Senate District 39,,DEM,John Matthews,686
Orangeburg,Providence,State Senate District 39,,DEM,John Matthews,504
Orangeburg,Rowesville,State Senate District 39,,DEM,John Matthews,282
Orangeburg,Santee 1,State Senate District 39,,DEM,John Matthews,398
Orangeburg,Vance,State Senate District 39,,DEM,John Matthews,515
Orangeburg,Whittaker,State Senate District 39,,DEM,John Matthews,573
Orangeburg,Cordova 2,State Senate District 39,,DEM,John Matthews,646
Orangeburg,Elloree 2,State Senate District 39,,DEM,John Matthews,322
Orangeburg,Santee 2,State Senate District 39,,DEM,John Matthews,577
Orangeburg,Absentee,State Senate District 39,,DEM,John Matthews,5610
Orangeburg,Emergency,State Senate District 39,,DEM,John Matthews,25
Orangeburg,Failsafe,State Senate District 39,,DEM,John Matthews,117
Orangeburg,Provisional,State Senate District 39,,DEM,John Matthews,0
Orangeburg,Orangeburg Ward 2,State Senate District 39,,NON,Write-In,1
Orangeburg,Orangeburg Ward 3,State Senate District 39,,NON,Write-In,1
Orangeburg,Orangeburg Ward 4,State Senate District 39,,NON,Write-In,1
Orangeburg,Orangeburg Ward 5,State Senate District 39,,NON,Write-In,0
Orangeburg,Suburban 2,State Senate District 39,,NON,Write-In,0
Orangeburg,Suburban 3,State Senate District 39,,NON,Write-In,0
Orangeburg,Suburban 4,State Senate District 39,,NON,Write-In,0
Orangeburg,Suburban 5,State Senate District 39,,NON,Write-In,2
Orangeburg,Bethel,State Senate District 39,,NON,Write-In,1
Orangeburg,Bowman 1,State Senate District 39,,NON,Write-In,1
Orangeburg,Bowman 2,State Senate District 39,,NON,Write-In,3
Orangeburg,Branchville 1,State Senate District 39,,NON,Write-In,2
Orangeburg,Branchville 2,State Senate District 39,,NON,Write-In,2
Orangeburg,Cope,State Senate District 39,,NON,Write-In,4
Orangeburg,Cordova 1,State Senate District 39,,NON,Write-In,12
Orangeburg,Edisto,State Senate District 39,,NON,Write-In,6
Orangeburg,Elloree 1,State Senate District 39,,NON,Write-In,1
Orangeburg,Eutawville 1,State Senate District 39,,NON,Write-In,14
Orangeburg,Eutawville 2,State Senate District 39,,NON,Write-In,6
Orangeburg,Four Holes,State Senate District 39,,NON,Write-In,3
Orangeburg,Holly Hill 2,State Senate District 39,,NON,Write-In,3
Orangeburg,Holly Hill 1,State Senate District 39,,NON,Write-In,4
Orangeburg,Providence,State Senate District 39,,NON,Write-In,5
Orangeburg,Rowesville,State Senate District 39,,NON,Write-In,2
Orangeburg,Santee 1,State Senate District 39,,NON,Write-In,2
Orangeburg,Vance,State Senate District 39,,NON,Write-In,3
Orangeburg,Whittaker,State Senate District 39,,NON,Write-In,2
Orangeburg,Cordova 2,State Senate District 39,,NON,Write-In,7
Orangeburg,Elloree 2,State Senate District 39,,NON,Write-In,1
Orangeburg,Santee 2,State Senate District 39,,NON,Write-In,1
Orangeburg,Absentee,State Senate District 39,,NON,Write-In,16
Orangeburg,Emergency,State Senate District 39,,NON,Write-In,0
Orangeburg,Failsafe,State Senate District 39,,NON,Write-In,0
Orangeburg,Provisional,State Senate District 39,,NON,Write-In,0
Orangeburg,Orangeburg Ward 1,State Senate District 40,,DEM,Brad Hutto,283
Orangeburg,Orangeburg Ward 6,State Senate District 40,,DEM,Brad Hutto,343
Orangeburg,Ornageburg Ward 7,State Senate District 40,,DEM,Brad Hutto,301
Orangeburg,Orangeburg Ward 8,State Senate District 40,,DEM,Brad Hutto,288
Orangeburg,Orangeburg Ward 9,State Senate District 40,,DEM,Brad Hutto,272
Orangeburg,Orangeburg Ward 10,State Senate District 40,,DEM,Brad Hutto,323
Orangeburg,Suburban 1,State Senate District 40,,DEM,Brad Hutto,484
Orangeburg,Suburban 6,State Senate District 40,,DEM,Brad Hutto,362
Orangeburg,Suburban 7,State Senate District 40,,DEM,Brad Hutto,540
Orangeburg,Suburban 8,State Senate District 40,,DEM,Brad Hutto,349
Orangeburg,Suburban 9,State Senate District 40,,DEM,Brad Hutto,583
Orangeburg,Brookdale,State Senate District 40,,DEM,Brad Hutto,594
Orangeburg,Jamison,State Senate District 40,,DEM,Brad Hutto,817
Orangeburg,Limestone 1,State Senate District 40,,DEM,Brad Hutto,750
Orangeburg,Neeses-Livingston,State Senate District 40,,DEM,Brad Hutto,404
Orangeburg,Nix,State Senate District 40,,DEM,Brad Hutto,677
Orangeburg,North 2,State Senate District 40,,DEM,Brad Hutto,516
Orangeburg,North 1,State Senate District 40,,DEM,Brad Hutto,527
Orangeburg,Norway,State Senate District 40,,DEM,Brad Hutto,616
Orangeburg,Pine Hill,State Senate District 40,,DEM,Brad Hutto,521
Orangeburg,Springfield,State Senate District 40,,DEM,Brad Hutto,556
Orangeburg,Bolentown,State Senate District 40,,DEM,Brad Hutto,573
Orangeburg,Limestone 2,State Senate District 40,,DEM,Brad Hutto,642
Orangeburg,Absentee,State Senate District 40,,DEM,Brad Hutto,4439
Orangeburg,Emergency,State Senate District 40,,DEM,Brad Hutto,14
Orangeburg,Failsafe,State Senate District 40,,DEM,Brad Hutto,116
Orangeburg,Provisional,State Senate District 40,,DEM,Brad Hutto,0
Orangeburg,Orangeburg Ward 1,State Senate District 40,,NON,Write-In,3
Orangeburg,Orangeburg Ward 6,State Senate District 40,,NON,Write-In,6
Orangeburg,Ornageburg Ward 7,State Senate District 40,,NON,Write-In,4
Orangeburg,Orangeburg Ward 8,State Senate District 40,,NON,Write-In,7
Orangeburg,Orangeburg Ward 9,State Senate District 40,,NON,Write-In,1
Orangeburg,Orangeburg Ward 10,State Senate District 40,,NON,Write-In,2
Orangeburg,Suburban 1,State Senate District 40,,NON,Write-In,0
Orangeburg,Suburban 6,State Senate District 40,,NON,Write-In,7
Orangeburg,Suburban 7,State Senate District 40,,NON,Write-In,13
Orangeburg,Suburban 8,State Senate District 40,,NON,Write-In,5
Orangeburg,Suburban 9,State Senate District 40,,NON,Write-In,2
Orangeburg,Brookdale,State Senate District 40,,NON,Write-In,0
Orangeburg,Jamison,State Senate District 40,,NON,Write-In,7
Orangeburg,Limestone 1,State Senate District 40,,NON,Write-In,6
Orangeburg,Neeses-Livingston,State Senate District 40,,NON,Write-In,6
Orangeburg,Nix,State Senate District 40,,NON,Write-In,0
Orangeburg,North 2,State Senate District 40,,NON,Write-In,10
Orangeburg,North 1,State Senate District 40,,NON,Write-In,2
Orangeburg,Norway,State Senate District 40,,NON,Write-In,2
Orangeburg,Pine Hill,State Senate District 40,,NON,Write-In,3
Orangeburg,Springfield,State Senate District 40,,NON,Write-In,4
Orangeburg,Bolentown,State Senate District 40,,NON,Write-In,3
Orangeburg,Limestone 2,State Senate District 40,,NON,Write-In,6
Orangeburg,Absentee,State Senate District 40,,NON,Write-In,28
Orangeburg,Emergency,State Senate District 40,,NON,Write-In,1
Orangeburg,Failsafe,State Senate District 40,,NON,Write-In,0
Orangeburg,Provisional,State Senate District 40,,NON,Write-In,0
Orangeburg,Orangeburg Ward 2,State House of Representatives District 66,,DEM,Gilda Cobb-Hunter,74
Orangeburg,Orangeburg Ward 3,State House of Representatives District 66,,DEM,Gilda Cobb-Hunter,471
Orangeburg,Orangeburg Ward 4,State House of Representatives District 66,,DEM,Gilda Cobb-Hunter,9
Orangeburg,Suburban 3,State House of Representatives District 66,,DEM,Gilda Cobb-Hunter,656
Orangeburg,Suburban 4,State House of Representatives District 66,,DEM,Gilda Cobb-Hunter,222
Orangeburg,Suburban 5,State House of Representatives District 66,,DEM,Gilda Cobb-Hunter,8
Orangeburg,Bethel,State House of Representatives District 66,,DEM,Gilda Cobb-Hunter,315
Orangeburg,Bowman 1,State House of Representatives District 66,,DEM,Gilda Cobb-Hunter,648
Orangeburg,Bowman 2,State House of Representatives District 66,,DEM,Gilda Cobb-Hunter,403
Orangeburg,Branchville 1,State House of Representatives District 66,,DEM,Gilda Cobb-Hunter,433
Orangeburg,Branchville 2,State House of Representatives District 66,,DEM,Gilda Cobb-Hunter,199
Orangeburg,Elloree 1,State House of Representatives District 66,,DEM,Gilda Cobb-Hunter,333
Orangeburg,Eutawville 1,State House of Representatives District 66,,DEM,Gilda Cobb-Hunter,524
Orangeburg,Eutawville 2,State House of Representatives District 66,,DEM,Gilda Cobb-Hunter,724
Orangeburg,Holly Hill 2,State House of Representatives District 66,,DEM,Gilda Cobb-Hunter,854
Orangeburg,Holly Hill 1,State House of Representatives District 66,,DEM,Gilda Cobb-Hunter,679
Orangeburg,Providence,State House of Representatives District 66,,DEM,Gilda Cobb-Hunter,511
Orangeburg,Rowesville,State House of Representatives District 66,,DEM,Gilda Cobb-Hunter,285
Orangeburg,Santee 1,State House of Representatives District 66,,DEM,Gilda Cobb-Hunter,407
Orangeburg,Vance,State House of Representatives District 66,,DEM,Gilda Cobb-Hunter,514
Orangeburg,Cordova 2,State House of Representatives District 66,,DEM,Gilda Cobb-Hunter,634
Orangeburg,Elloree 2,State House of Representatives District 66,,DEM,Gilda Cobb-Hunter,321
Orangeburg,Santee 2,State House of Representatives District 66,,DEM,Gilda Cobb-Hunter,581
Orangeburg,Absentee,State House of Representatives District 66,,DEM,Gilda Cobb-Hunter,4333
Orangeburg,Emergency,State House of Representatives District 66,,DEM,Gilda Cobb-Hunter,22
Orangeburg,Failsafe,State House of Representatives District 66,,DEM,Gilda Cobb-Hunter,76
Orangeburg,Provisional,State House of Representatives District 66,,DEM,Gilda Cobb-Hunter,0
Orangeburg,Orangeburg Ward 2,State House of Representatives District 66,,NON,Write-In,0
Orangeburg,Orangeburg Ward 3,State House of Representatives District 66,,NON,Write-In,1
Orangeburg,Orangeburg Ward 4,State House of Representatives District 66,,NON,Write-In,0
Orangeburg,Suburban 3,State House of Representatives District 66,,NON,Write-In,0
Orangeburg,Suburban 4,State House of Representatives District 66,,NON,Write-In,0
Orangeburg,Suburban 5,State House of Representatives District 66,,NON,Write-In,0
Orangeburg,Bethel,State House of Representatives District 66,,NON,Write-In,3
Orangeburg,Bowman 1,State House of Representatives District 66,,NON,Write-In,2
Orangeburg,Bowman 2,State House of Representatives District 66,,NON,Write-In,4
Orangeburg,Branchville 1,State House of Representatives District 66,,NON,Write-In,1
Orangeburg,Branchville 2,State House of Representatives District 66,,NON,Write-In,3
Orangeburg,Elloree 1,State House of Representatives District 66,,NON,Write-In,3
Orangeburg,Eutawville 1,State House of Representatives District 66,,NON,Write-In,13
Orangeburg,Eutawville 2,State House of Representatives District 66,,NON,Write-In,6
Orangeburg,Holly Hill 2,State House of Representatives District 66,,NON,Write-In,2
Orangeburg,Holly Hill 1,State House of Representatives District 66,,NON,Write-In,6
Orangeburg,Providence,State House of Representatives District 66,,NON,Write-In,4
Orangeburg,Rowesville,State House of Representatives District 66,,NON,Write-In,1
Orangeburg,Santee 1,State House of Representatives District 66,,NON,Write-In,2
Orangeburg,Vance,State House of Representatives District 66,,NON,Write-In,3
Orangeburg,Cordova 2,State House of Representatives District 66,,NON,Write-In,7
Orangeburg,Elloree 2,State House of Representatives District 66,,NON,Write-In,1
Orangeburg,Santee 2,State House of Representatives District 66,,NON,Write-In,1
Orangeburg,Absentee,State House of Representatives District 66,,NON,Write-In,18
Orangeburg,Emergency,State House of Representatives District 66,,NON,Write-In,0
Orangeburg,Failsafe,State House of Representatives District 66,,NON,Write-In,0
Orangeburg,Provisional,State House of Representatives District 66,,NON,Write-In,0
Orangeburg,Neeses-Livingston,State House of Representatives District 91,,REP,Ben Kinlaw,326
Orangeburg,North 1,State House of Representatives District 91,,REP,Ben Kinlaw,21
Orangeburg,Norway,State House of Representatives District 91,,REP,Ben Kinlaw,269
Orangeburg,Pine Hill,State House of Representatives District 91,,REP,Ben Kinlaw,259
Orangeburg,Springfield,State House of Representatives District 91,,REP,Ben Kinlaw,291
Orangeburg,Absentee,State House of Representatives District 91,,REP,Ben Kinlaw,147
Orangeburg,Emergency,State House of Representatives District 91,,REP,Ben Kinlaw,1
Orangeburg,Failsafe,State House of Representatives District 91,,REP,Ben Kinlaw,0
Orangeburg,Provisional,State House of Representatives District 91,,REP,Ben Kinlaw,0
Orangeburg,Neeses-Livingston,State House of Representatives District 91,,DEM,Lonnie Hosey,216
Orangeburg,North 1,State House of Representatives District 91,,DEM,Lonnie Hosey,12
Orangeburg,Norway,State House of Representatives District 91,,DEM,Lonnie Hosey,487
Orangeburg,Pine Hill,State House of Representatives District 91,,DEM,Lonnie Hosey,376
Orangeburg,Springfield,State House of Representatives District 91,,DEM,Lonnie Hosey,425
Orangeburg,Absentee,State House of Representatives District 91,,DEM,Lonnie Hosey,436
Orangeburg,Emergency,State House of Representatives District 91,,DEM,Lonnie Hosey,8
Orangeburg,Failsafe,State House of Representatives District 91,,DEM,Lonnie Hosey,6
Orangeburg,Provisional,State House of Representatives District 91,,DEM,Lonnie Hosey,0
Orangeburg,Neeses-Livingston,State House of Representatives District 91,,NON,Write-In,0
Orangeburg,North 1,State House of Representatives District 91,,NON,Write-In,0
Orangeburg,Norway,State House of Representatives District 91,,NON,Write-In,0
Orangeburg,Pine Hill,State House of Representatives District 91,,NON,Write-In,0
Orangeburg,Springfield,State House of Representatives District 91,,NON,Write-In,0
Orangeburg,Absentee,State House of Representatives District 91,,NON,Write-In,0
Orangeburg,Emergency,State House of Representatives District 91,,NON,Write-In,0
Orangeburg,Failsafe,State House of Representatives District 91,,NON,Write-In,0
Orangeburg,Provisional,State House of Representatives District 91,,NON,Write-In,0
Orangeburg,Suburban 1,State House of Representatives District 93,,DEM,Harry L Ott Jr,481
Orangeburg,Suburban 2,State House of Representatives District 93,,DEM,Harry L Ott Jr,180
Orangeburg,Four Holes,State House of Representatives District 93,,DEM,Harry L Ott Jr,244
Orangeburg,Jamison,State House of Representatives District 93,,DEM,Harry L Ott Jr,630
Orangeburg,Limestone 1,State House of Representatives District 93,,DEM,Harry L Ott Jr,383
Orangeburg,North 2,State House of Representatives District 93,,DEM,Harry L Ott Jr,495
Orangeburg,North 1,State House of Representatives District 93,,DEM,Harry L Ott Jr,500
Orangeburg,Whittaker,State House of Representatives District 93,,DEM,Harry L Ott Jr,580
Orangeburg,Limestone 2,State House of Representatives District 93,,DEM,Harry L Ott Jr,148
Orangeburg,Absentee,State House of Representatives District 93,,DEM,Harry L Ott Jr,1539
Orangeburg,Emergency,State House of Representatives District 93,,DEM,Harry L Ott Jr,2
Orangeburg,Failsafe,State House of Representatives District 93,,DEM,Harry L Ott Jr,40
Orangeburg,Provisional,State House of Representatives District 93,,DEM,Harry L Ott Jr,0
Orangeburg,Suburban 1,State House of Representatives District 93,,NON,Write-In,0
Orangeburg,Suburban 2,State House of Representatives District 93,,NON,Write-In,0
Orangeburg,Four Holes,State House of Representatives District 93,,NON,Write-In,3
Orangeburg,Jamison,State House of Representatives District 93,,NON,Write-In,4
Orangeburg,Limestone 1,State House of Representatives District 93,,NON,Write-In,4
Orangeburg,North 2,State House of Representatives District 93,,NON,Write-In,8
Orangeburg,North 1,State House of Representatives District 93,,NON,Write-In,1
Orangeburg,Whittaker,State House of Representatives District 93,,NON,Write-In,1
Orangeburg,Limestone 2,State House of Representatives District 93,,NON,Write-In,1
Orangeburg,Absentee,State House of Representatives District 93,,NON,Write-In,6
Orangeburg,Emergency,State House of Representatives District 93,,NON,Write-In,0
Orangeburg,Failsafe,State House of Representatives District 93,,NON,Write-In,0
Orangeburg,Provisional,State House of Representatives District 93,,NON,Write-In,0
Orangeburg,Orangeburg Ward 1,State House of Representatives District 95,,DEM,Jerry N Govan Jr,269
Orangeburg,Orangeburg Ward 2,State House of Representatives District 95,,DEM,Jerry N Govan Jr,181
Orangeburg,Orangeburg Ward 4,State House of Representatives District 95,,DEM,Jerry N Govan Jr,1027
Orangeburg,Orangeburg Ward 5,State House of Representatives District 95,,DEM,Jerry N Govan Jr,252
Orangeburg,Orangeburg Ward 6,State House of Representatives District 95,,DEM,Jerry N Govan Jr,337
Orangeburg,Ornageburg Ward 7,State House of Representatives District 95,,DEM,Jerry N Govan Jr,293
Orangeburg,Orangeburg Ward 8,State House of Representatives District 95,,DEM,Jerry N Govan Jr,282
Orangeburg,Orangeburg Ward 9,State House of Representatives District 95,,DEM,Jerry N Govan Jr,273
Orangeburg,Orangeburg Ward 10,State House of Representatives District 95,,DEM,Jerry N Govan Jr,316
Orangeburg,Suburban 2,State House of Representatives District 95,,DEM,Jerry N Govan Jr,197
Orangeburg,Suburban 5,State House of Representatives District 95,,DEM,Jerry N Govan Jr,581
Orangeburg,Suburban 6,State House of Representatives District 95,,DEM,Jerry N Govan Jr,354
Orangeburg,Suburban 7,State House of Representatives District 95,,DEM,Jerry N Govan Jr,493
Orangeburg,Suburban 8,State House of Representatives District 95,,DEM,Jerry N Govan Jr,336
Orangeburg,Suburban 9,State House of Representatives District 95,,DEM,Jerry N Govan Jr,576
Orangeburg,Brookdale,State House of Representatives District 95,,DEM,Jerry N Govan Jr,593
Orangeburg,Cope,State House of Representatives District 95,,DEM,Jerry N Govan Jr,302
Orangeburg,Cordova 1,State House of Representatives District 95,,DEM,Jerry N Govan Jr,587
Orangeburg,Edisto,State House of Representatives District 95,,DEM,Jerry N Govan Jr,349
Orangeburg,Jamison,State House of Representatives District 95,,DEM,Jerry N Govan Jr,171
Orangeburg,Limestone 1,State House of Representatives District 95,,DEM,Jerry N Govan Jr,362
Orangeburg,Nix,State House of Representatives District 95,,DEM,Jerry N Govan Jr,678
Orangeburg,Bolentown,State House of Representatives District 95,,DEM,Jerry N Govan Jr,542
Orangeburg,Cordova 2,State House of Representatives District 95,,DEM,Jerry N Govan Jr,6
Orangeburg,Limestone 2,State House of Representatives District 95,,DEM,Jerry N Govan Jr,480
Orangeburg,Absentee,State House of Representatives District 95,,DEM,Jerry N Govan Jr,3672
Orangeburg,Emergency,State House of Representatives District 95,,DEM,Jerry N Govan Jr,14
Orangeburg,Failsafe,State House of Representatives District 95,,DEM,Jerry N Govan Jr,111
Orangeburg,Provisional,State House of Representatives District 95,,DEM,Jerry N Govan Jr,0
Orangeburg,Orangeburg Ward 1,State House of Representatives District 95,,NON,Write-In,2
Orangeburg,Orangeburg Ward 2,State House of Representatives District 95,,NON,Write-In,1
Orangeburg,Orangeburg Ward 4,State House of Representatives District 95,,NON,Write-In,2
Orangeburg,Orangeburg Ward 5,State House of Representatives District 95,,NON,Write-In,1
Orangeburg,Orangeburg Ward 6,State House of Representatives District 95,,NON,Write-In,8
Orangeburg,Ornageburg Ward 7,State House of Representatives District 95,,NON,Write-In,4
Orangeburg,Orangeburg Ward 8,State House of Representatives District 95,,NON,Write-In,6
Orangeburg,Orangeburg Ward 9,State House of Representatives District 95,,NON,Write-In,1
Orangeburg,Orangeburg Ward 10,State House of Representatives District 95,,NON,Write-In,3
Orangeburg,Suburban 2,State House of Representatives District 95,,NON,Write-In,0
Orangeburg,Suburban 5,State House of Representatives District 95,,NON,Write-In,4
Orangeburg,Suburban 6,State House of Representatives District 95,,NON,Write-In,7
Orangeburg,Suburban 7,State House of Representatives District 95,,NON,Write-In,17
Orangeburg,Suburban 8,State House of Representatives District 95,,NON,Write-In,6
Orangeburg,Suburban 9,State House of Representatives District 95,,NON,Write-In,5
Orangeburg,Brookdale,State House of Representatives District 95,,NON,Write-In,0
Orangeburg,Cope,State House of Representatives District 95,,NON,Write-In,4
Orangeburg,Cordova 1,State House of Representatives District 95,,NON,Write-In,9
Orangeburg,Edisto,State House of Representatives District 95,,NON,Write-In,6
Orangeburg,Jamison,State House of Representatives District 95,,NON,Write-In,3
Orangeburg,Limestone 1,State House of Representatives District 95,,NON,Write-In,6
Orangeburg,Nix,State House of Representatives District 95,,NON,Write-In,0
Orangeburg,Bolentown,State House of Representatives District 95,,NON,Write-In,4
Orangeburg,Cordova 2,State House of Representatives District 95,,NON,Write-In,0
Orangeburg,Limestone 2,State House of Representatives District 95,,NON,Write-In,6
Orangeburg,Absentee,State House of Representatives District 95,,NON,Write-In,18
Orangeburg,Emergency,State House of Representatives District 95,,NON,Write-In,0
Orangeburg,Failsafe,State House of Representatives District 95,,NON,Write-In,0
Orangeburg,Provisional,State House of Representatives District 95,,NON,Write-In,0
Orangeburg,Orangeburg Ward 1,Solicitor Circuit 1,,DEM,David M Pascoe,284
Orangeburg,Orangeburg Ward 2,Solicitor Circuit 1,,DEM,David M Pascoe,253
Orangeburg,Orangeburg Ward 3,Solicitor Circuit 1,,DEM,David M Pascoe,471
Orangeburg,Orangeburg Ward 4,Solicitor Circuit 1,,DEM,David M Pascoe,1033
Orangeburg,Orangeburg Ward 5,Solicitor Circuit 1,,DEM,David M Pascoe,251
Orangeburg,Orangeburg Ward 6,Solicitor Circuit 1,,DEM,David M Pascoe,344
Orangeburg,Ornageburg Ward 7,Solicitor Circuit 1,,DEM,David M Pascoe,309
Orangeburg,Orangeburg Ward 8,Solicitor Circuit 1,,DEM,David M Pascoe,290
Orangeburg,Orangeburg Ward 9,Solicitor Circuit 1,,DEM,David M Pascoe,276
Orangeburg,Orangeburg Ward 10,Solicitor Circuit 1,,DEM,David M Pascoe,327
Orangeburg,Suburban 1,Solicitor Circuit 1,,DEM,David M Pascoe,481
Orangeburg,Suburban 2,Solicitor Circuit 1,,DEM,David M Pascoe,375
Orangeburg,Suburban 3,Solicitor Circuit 1,,DEM,David M Pascoe,659
Orangeburg,Suburban 4,Solicitor Circuit 1,,DEM,David M Pascoe,217
Orangeburg,Suburban 5,Solicitor Circuit 1,,DEM,David M Pascoe,598
Orangeburg,Suburban 6,Solicitor Circuit 1,,DEM,David M Pascoe,366
Orangeburg,Suburban 7,Solicitor Circuit 1,,DEM,David M Pascoe,551
Orangeburg,Suburban 8,Solicitor Circuit 1,,DEM,David M Pascoe,348
Orangeburg,Suburban 9,Solicitor Circuit 1,,DEM,David M Pascoe,583
Orangeburg,Bethel,Solicitor Circuit 1,,DEM,David M Pascoe,320
Orangeburg,Bowman 1,Solicitor Circuit 1,,DEM,David M Pascoe,652
Orangeburg,Bowman 2,Solicitor Circuit 1,,DEM,David M Pascoe,411
Orangeburg,Branchville 1,Solicitor Circuit 1,,DEM,David M Pascoe,452
Orangeburg,Branchville 2,Solicitor Circuit 1,,DEM,David M Pascoe,213
Orangeburg,Brookdale,Solicitor Circuit 1,,DEM,David M Pascoe,592
Orangeburg,Cope,Solicitor Circuit 1,,DEM,David M Pascoe,310
Orangeburg,Cordova 1,Solicitor Circuit 1,,DEM,David M Pascoe,631
Orangeburg,Edisto,Solicitor Circuit 1,,DEM,David M Pascoe,386
Orangeburg,Elloree 1,Solicitor Circuit 1,,DEM,David M Pascoe,347
Orangeburg,Eutawville 1,Solicitor Circuit 1,,DEM,David M Pascoe,530
Orangeburg,Eutawville 2,Solicitor Circuit 1,,DEM,David M Pascoe,724
Orangeburg,Four Holes,Solicitor Circuit 1,,DEM,David M Pascoe,249
Orangeburg,Holly Hill 2,Solicitor Circuit 1,,DEM,David M Pascoe,852
Orangeburg,Holly Hill 1,Solicitor Circuit 1,,DEM,David M Pascoe,685
Orangeburg,Jamison,Solicitor Circuit 1,,DEM,David M Pascoe,822
Orangeburg,Limestone 1,Solicitor Circuit 1,,DEM,David M Pascoe,756
Orangeburg,Neeses-Livingston,Solicitor Circuit 1,,DEM,David M Pascoe,399
Orangeburg,Nix,Solicitor Circuit 1,,DEM,David M Pascoe,673
Orangeburg,North 2,Solicitor Circuit 1,,DEM,David M Pascoe,489
Orangeburg,North 1,Solicitor Circuit 1,,DEM,David M Pascoe,522
Orangeburg,Norway,Solicitor Circuit 1,,DEM,David M Pascoe,619
Orangeburg,Pine Hill,Solicitor Circuit 1,,DEM,David M Pascoe,527
Orangeburg,Providence,Solicitor Circuit 1,,DEM,David M Pascoe,505
Orangeburg,Rowesville,Solicitor Circuit 1,,DEM,David M Pascoe,296
Orangeburg,Santee 1,Solicitor Circuit 1,,DEM,David M Pascoe,403
Orangeburg,Springfield,Solicitor Circuit 1,,DEM,David M Pascoe,555
Orangeburg,Vance,Solicitor Circuit 1,,DEM,David M Pascoe,516
Orangeburg,Whittaker,Solicitor Circuit 1,,DEM,David M Pascoe,579
Orangeburg,Bolentown,Solicitor Circuit 1,,DEM,David M Pascoe,563
Orangeburg,Cordova 2,Solicitor Circuit 1,,DEM,David M Pascoe,655
Orangeburg,Elloree 2,Solicitor Circuit 1,,DEM,David M Pascoe,323
Orangeburg,Limestone 2,Solicitor Circuit 1,,DEM,David M Pascoe,644
Orangeburg,Santee 2,Solicitor Circuit 1,,DEM,David M Pascoe,578
Orangeburg,Absentee,Solicitor Circuit 1,,DEM,David M Pascoe,10058
Orangeburg,Emergency,Solicitor Circuit 1,,DEM,David M Pascoe,0
Orangeburg,Failsafe,Solicitor Circuit 1,,DEM,David M Pascoe,231
Orangeburg,Provisional,Solicitor Circuit 1,,DEM,David M Pascoe,0
Orangeburg,Failsafe Provisional,Solicitor Circuit 1,,DEM,David M Pascoe,110
Orangeburg,Orangeburg Ward 1,Solicitor Circuit 1,,NON,Write-In,2
Orangeburg,Orangeburg Ward 2,Solicitor Circuit 1,,NON,Write-In,1
Orangeburg,Orangeburg Ward 3,Solicitor Circuit 1,,NON,Write-In,1
Orangeburg,Orangeburg Ward 4,Solicitor Circuit 1,,NON,Write-In,1
Orangeburg,Orangeburg Ward 5,Solicitor Circuit 1,,NON,Write-In,0
Orangeburg,Orangeburg Ward 6,Solicitor Circuit 1,,NON,Write-In,3
Orangeburg,Ornageburg Ward 7,Solicitor Circuit 1,,NON,Write-In,0
Orangeburg,Orangeburg Ward 8,Solicitor Circuit 1,,NON,Write-In,4
Orangeburg,Orangeburg Ward 9,Solicitor Circuit 1,,NON,Write-In,1
Orangeburg,Orangeburg Ward 10,Solicitor Circuit 1,,NON,Write-In,2
Orangeburg,Suburban 1,Solicitor Circuit 1,,NON,Write-In,0
Orangeburg,Suburban 2,Solicitor Circuit 1,,NON,Write-In,0
Orangeburg,Suburban 3,Solicitor Circuit 1,,NON,Write-In,0
Orangeburg,Suburban 4,Solicitor Circuit 1,,NON,Write-In,0
Orangeburg,Suburban 5,Solicitor Circuit 1,,NON,Write-In,3
Orangeburg,Suburban 6,Solicitor Circuit 1,,NON,Write-In,4
Orangeburg,Suburban 7,Solicitor Circuit 1,,NON,Write-In,8
Orangeburg,Suburban 8,Solicitor Circuit 1,,NON,Write-In,6
Orangeburg,Suburban 9,Solicitor Circuit 1,,NON,Write-In,1
Orangeburg,Bethel,Solicitor Circuit 1,,NON,Write-In,0
Orangeburg,Bowman 1,Solicitor Circuit 1,,NON,Write-In,1
Orangeburg,Bowman 2,Solicitor Circuit 1,,NON,Write-In,2
Orangeburg,Branchville 1,Solicitor Circuit 1,,NON,Write-In,1
Orangeburg,Branchville 2,Solicitor Circuit 1,,NON,Write-In,1
Orangeburg,Brookdale,Solicitor Circuit 1,,NON,Write-In,0
Orangeburg,Cope,Solicitor Circuit 1,,NON,Write-In,2
Orangeburg,Cordova 1,Solicitor Circuit 1,,NON,Write-In,2
Orangeburg,Edisto,Solicitor Circuit 1,,NON,Write-In,1
Orangeburg,Elloree 1,Solicitor Circuit 1,,NON,Write-In,1
Orangeburg,Eutawville 1,Solicitor Circuit 1,,NON,Write-In,8
Orangeburg,Eutawville 2,Solicitor Circuit 1,,NON,Write-In,1
Orangeburg,Four Holes,Solicitor Circuit 1,,NON,Write-In,3
Orangeburg,Holly Hill 2,Solicitor Circuit 1,,NON,Write-In,3
Orangeburg,Holly Hill 1,Solicitor Circuit 1,,NON,Write-In,1
Orangeburg,Jamison,Solicitor Circuit 1,,NON,Write-In,3
Orangeburg,Limestone 1,Solicitor Circuit 1,,NON,Write-In,5
Orangeburg,Neeses-Livingston,Solicitor Circuit 1,,NON,Write-In,3
Orangeburg,Nix,Solicitor Circuit 1,,NON,Write-In,0
Orangeburg,North 2,Solicitor Circuit 1,,NON,Write-In,7
Orangeburg,North 1,Solicitor Circuit 1,,NON,Write-In,1
Orangeburg,Norway,Solicitor Circuit 1,,NON,Write-In,2
Orangeburg,Pine Hill,Solicitor Circuit 1,,NON,Write-In,1
Orangeburg,Providence,Solicitor Circuit 1,,NON,Write-In,3
Orangeburg,Rowesville,Solicitor Circuit 1,,NON,Write-In,0
Orangeburg,Santee 1,Solicitor Circuit 1,,NON,Write-In,2
Orangeburg,Springfield,Solicitor Circuit 1,,NON,Write-In,1
Orangeburg,Vance,Solicitor Circuit 1,,NON,Write-In,1
Orangeburg,Whittaker,Solicitor Circuit 1,,NON,Write-In,1
Orangeburg,Bolentown,Solicitor Circuit 1,,NON,Write-In,1
Orangeburg,Cordova 2,Solicitor Circuit 1,,NON,Write-In,2
Orangeburg,Elloree 2,Solicitor Circuit 1,,NON,Write-In,0
Orangeburg,Limestone 2,Solicitor Circuit 1,,NON,Write-In,7
Orangeburg,Santee 2,Solicitor Circuit 1,,NON,Write-In,0
Orangeburg,Absentee,Solicitor Circuit 1,,NON,Write-In,29
Orangeburg,Emergency,Solicitor Circuit 1,,NON,Write-In,0
Orangeburg,Failsafe,Solicitor Circuit 1,,NON,Write-In,0
Orangeburg,Provisional,Solicitor Circuit 1,,NON,Write-In,0
Orangeburg,Failsafe Provisional,Solicitor Circuit 1,,NON,Write-In,0
Orangeburg,Orangeburg Ward 1,Sheriff,,DEM,Leroy Ravenell,296
Orangeburg,Orangeburg Ward 2,Sheriff,,DEM,Leroy Ravenell,253
Orangeburg,Orangeburg Ward 3,Sheriff,,DEM,Leroy Ravenell,475
Orangeburg,Orangeburg Ward 4,Sheriff,,DEM,Leroy Ravenell,1044
Orangeburg,Orangeburg Ward 5,Sheriff,,DEM,Leroy Ravenell,259
Orangeburg,Orangeburg Ward 6,Sheriff,,DEM,Leroy Ravenell,357
Orangeburg,Ornageburg Ward 7,Sheriff,,DEM,Leroy Ravenell,328
Orangeburg,Orangeburg Ward 8,Sheriff,,DEM,Leroy Ravenell,300
Orangeburg,Orangeburg Ward 9,Sheriff,,DEM,Leroy Ravenell,291
Orangeburg,Orangeburg Ward 10,Sheriff,,DEM,Leroy Ravenell,354
Orangeburg,Suburban 1,Sheriff,,DEM,Leroy Ravenell,485
Orangeburg,Suburban 2,Sheriff,,DEM,Leroy Ravenell,377
Orangeburg,Suburban 3,Sheriff,,DEM,Leroy Ravenell,670
Orangeburg,Suburban 4,Sheriff,,DEM,Leroy Ravenell,226
Orangeburg,Suburban 5,Sheriff,,DEM,Leroy Ravenell,615
Orangeburg,Suburban 6,Sheriff,,DEM,Leroy Ravenell,379
Orangeburg,Suburban 7,Sheriff,,DEM,Leroy Ravenell,594
Orangeburg,Suburban 8,Sheriff,,DEM,Leroy Ravenell,382
Orangeburg,Suburban 9,Sheriff,,DEM,Leroy Ravenell,591
Orangeburg,Bethel,Sheriff,,DEM,Leroy Ravenell,334
Orangeburg,Bowman 1,Sheriff,,DEM,Leroy Ravenell,677
Orangeburg,Bowman 2,Sheriff,,DEM,Leroy Ravenell,420
Orangeburg,Branchville 1,Sheriff,,DEM,Leroy Ravenell,471
Orangeburg,Branchville 2,Sheriff,,DEM,Leroy Ravenell,216
Orangeburg,Brookdale,Sheriff,,DEM,Leroy Ravenell,588
Orangeburg,Cope,Sheriff,,DEM,Leroy Ravenell,306
Orangeburg,Cordova 1,Sheriff,,DEM,Leroy Ravenell,618
Orangeburg,Edisto,Sheriff,,DEM,Leroy Ravenell,380
Orangeburg,Elloree 1,Sheriff,,DEM,Leroy Ravenell,366
Orangeburg,Eutawville 1,Sheriff,,DEM,Leroy Ravenell,567
Orangeburg,Eutawville 2,Sheriff,,DEM,Leroy Ravenell,765
Orangeburg,Four Holes,Sheriff,,DEM,Leroy Ravenell,276
Orangeburg,Holly Hill 2,Sheriff,,DEM,Leroy Ravenell,867
Orangeburg,Holly Hill 1,Sheriff,,DEM,Leroy Ravenell,735
Orangeburg,Jamison,Sheriff,,DEM,Leroy Ravenell,810
Orangeburg,Limestone 1,Sheriff,,DEM,Leroy Ravenell,785
Orangeburg,Neeses-Livingston,Sheriff,,DEM,Leroy Ravenell,397
Orangeburg,Nix,Sheriff,,DEM,Leroy Ravenell,671
Orangeburg,North 2,Sheriff,,DEM,Leroy Ravenell,511
Orangeburg,North 1,Sheriff,,DEM,Leroy Ravenell,526
Orangeburg,Norway,Sheriff,,DEM,Leroy Ravenell,623
Orangeburg,Pine Hill,Sheriff,,DEM,Leroy Ravenell,516
Orangeburg,Providence,Sheriff,,DEM,Leroy Ravenell,532
Orangeburg,Rowesville,Sheriff,,DEM,Leroy Ravenell,303
Orangeburg,Santee 1,Sheriff,,DEM,Leroy Ravenell,456
Orangeburg,Springfield,Sheriff,,DEM,Leroy Ravenell,555
Orangeburg,Vance,Sheriff,,DEM,Leroy Ravenell,538
Orangeburg,Whittaker,Sheriff,,DEM,Leroy Ravenell,585
Orangeburg,Bolentown,Sheriff,,DEM,Leroy Ravenell,558
Orangeburg,Cordova 2,Sheriff,,DEM,Leroy Ravenell,658
Orangeburg,Elloree 2,Sheriff,,DEM,Leroy Ravenell,336
Orangeburg,Limestone 2,Sheriff,,DEM,Leroy Ravenell,667
Orangeburg,Santee 2,Sheriff,,DEM,Leroy Ravenell,589
Orangeburg,Absentee,Sheriff,,DEM,Leroy Ravenell,10206
Orangeburg,Emergency,Sheriff,,DEM,Leroy Ravenell,0
Orangeburg,Failsafe,Sheriff,,DEM,Leroy Ravenell,238
Orangeburg,Provisional,Sheriff,,DEM,Leroy Ravenell,0
Orangeburg,Failsafe Provisional,Sheriff,,DEM,Leroy Ravenell,107
Orangeburg,Orangeburg Ward 1,Sheriff,,NON,Write-In,8
Orangeburg,Orangeburg Ward 2,Sheriff,,NON,Write-In,2
Orangeburg,Orangeburg Ward 3,Sheriff,,NON,Write-In,3
Orangeburg,Orangeburg Ward 4,Sheriff,,NON,Write-In,2
Orangeburg,Orangeburg Ward 5,Sheriff,,NON,Write-In,0
Orangeburg,Orangeburg Ward 6,Sheriff,,NON,Write-In,2
Orangeburg,Ornageburg Ward 7,Sheriff,,NON,Write-In,1
Orangeburg,Orangeburg Ward 8,Sheriff,,NON,Write-In,9
Orangeburg,Orangeburg Ward 9,Sheriff,,NON,Write-In,4
Orangeburg,Orangeburg Ward 10,Sheriff,,NON,Write-In,2
Orangeburg,Suburban 1,Sheriff,,NON,Write-In,0
Orangeburg,Suburban 2,Sheriff,,NON,Write-In,0
Orangeburg,Suburban 3,Sheriff,,NON,Write-In,2
Orangeburg,Suburban 4,Sheriff,,NON,Write-In,2
Orangeburg,Suburban 5,Sheriff,,NON,Write-In,6
Orangeburg,Suburban 6,Sheriff,,NON,Write-In,8
Orangeburg,Suburban 7,Sheriff,,NON,Write-In,12
Orangeburg,Suburban 8,Sheriff,,NON,Write-In,5
Orangeburg,Suburban 9,Sheriff,,NON,Write-In,2
Orangeburg,Bethel,Sheriff,,NON,Write-In,2
Orangeburg,Bowman 1,Sheriff,,NON,Write-In,5
Orangeburg,Bowman 2,Sheriff,,NON,Write-In,2
Orangeburg,Branchville 1,Sheriff,,NON,Write-In,8
Orangeburg,Branchville 2,Sheriff,,NON,Write-In,2
Orangeburg,Brookdale,Sheriff,,NON,Write-In,4
Orangeburg,Cope,Sheriff,,NON,Write-In,5
Orangeburg,Cordova 1,Sheriff,,NON,Write-In,9
Orangeburg,Edisto,Sheriff,,NON,Write-In,11
Orangeburg,Elloree 1,Sheriff,,NON,Write-In,1
Orangeburg,Eutawville 1,Sheriff,,NON,Write-In,8
Orangeburg,Eutawville 2,Sheriff,,NON,Write-In,2
Orangeburg,Four Holes,Sheriff,,NON,Write-In,8
Orangeburg,Holly Hill 2,Sheriff,,NON,Write-In,8
Orangeburg,Holly Hill 1,Sheriff,,NON,Write-In,2
Orangeburg,Jamison,Sheriff,,NON,Write-In,28
Orangeburg,Limestone 1,Sheriff,,NON,Write-In,10
Orangeburg,Neeses-Livingston,Sheriff,,NON,Write-In,4
Orangeburg,Nix,Sheriff,,NON,Write-In,2
Orangeburg,North 2,Sheriff,,NON,Write-In,9
Orangeburg,North 1,Sheriff,,NON,Write-In,6
Orangeburg,Norway,Sheriff,,NON,Write-In,5
Orangeburg,Pine Hill,Sheriff,,NON,Write-In,4
Orangeburg,Providence,Sheriff,,NON,Write-In,4
Orangeburg,Rowesville,Sheriff,,NON,Write-In,4
Orangeburg,Santee 1,Sheriff,,NON,Write-In,1
Orangeburg,Springfield,Sheriff,,NON,Write-In,5
Orangeburg,Vance,Sheriff,,NON,Write-In,2
Orangeburg,Whittaker,Sheriff,,NON,Write-In,8
Orangeburg,Bolentown,Sheriff,,NON,Write-In,10
Orangeburg,Cordova 2,Sheriff,,NON,Write-In,6
Orangeburg,Elloree 2,Sheriff,,NON,Write-In,2
Orangeburg,Limestone 2,Sheriff,,NON,Write-In,11
Orangeburg,Santee 2,Sheriff,,NON,Write-In,1
Orangeburg,Absentee,Sheriff,,NON,Write-In,53
Orangeburg,Emergency,Sheriff,,NON,Write-In,0
Orangeburg,Failsafe,Sheriff,,NON,Write-In,1
Orangeburg,Provisional,Sheriff,,NON,Write-In,0
Orangeburg,Failsafe Provisional,Sheriff,,NON,Write-In,2
Orangeburg,Orangeburg Ward 1,Clerk of Court,,DEM,Winnifa B Clark,294
Orangeburg,Orangeburg Ward 2,Clerk of Court,,DEM,Winnifa B Clark,255
Orangeburg,Orangeburg Ward 3,Clerk of Court,,DEM,Winnifa B Clark,473
Orangeburg,Orangeburg Ward 4,Clerk of Court,,DEM,Winnifa B Clark,1042
Orangeburg,Orangeburg Ward 5,Clerk of Court,,DEM,Winnifa B Clark,255
Orangeburg,Orangeburg Ward 6,Clerk of Court,,DEM,Winnifa B Clark,348
Orangeburg,Ornageburg Ward 7,Clerk of Court,,DEM,Winnifa B Clark,312
Orangeburg,Orangeburg Ward 8,Clerk of Court,,DEM,Winnifa B Clark,291
Orangeburg,Orangeburg Ward 9,Clerk of Court,,DEM,Winnifa B Clark,283
Orangeburg,Orangeburg Ward 10,Clerk of Court,,DEM,Winnifa B Clark,334
Orangeburg,Suburban 1,Clerk of Court,,DEM,Winnifa B Clark,483
Orangeburg,Suburban 2,Clerk of Court,,DEM,Winnifa B Clark,379
Orangeburg,Suburban 3,Clerk of Court,,DEM,Winnifa B Clark,672
Orangeburg,Suburban 4,Clerk of Court,,DEM,Winnifa B Clark,226
Orangeburg,Suburban 5,Clerk of Court,,DEM,Winnifa B Clark,610
Orangeburg,Suburban 6,Clerk of Court,,DEM,Winnifa B Clark,377
Orangeburg,Suburban 7,Clerk of Court,,DEM,Winnifa B Clark,528
Orangeburg,Suburban 8,Clerk of Court,,DEM,Winnifa B Clark,367
Orangeburg,Suburban 9,Clerk of Court,,DEM,Winnifa B Clark,589
Orangeburg,Bethel,Clerk of Court,,DEM,Winnifa B Clark,333
Orangeburg,Bowman 1,Clerk of Court,,DEM,Winnifa B Clark,666
Orangeburg,Bowman 2,Clerk of Court,,DEM,Winnifa B Clark,416
Orangeburg,Branchville 1,Clerk of Court,,DEM,Winnifa B Clark,466
Orangeburg,Branchville 2,Clerk of Court,,DEM,Winnifa B Clark,215
Orangeburg,Brookdale,Clerk of Court,,DEM,Winnifa B Clark,596
Orangeburg,Cope,Clerk of Court,,DEM,Winnifa B Clark,305
Orangeburg,Cordova 1,Clerk of Court,,DEM,Winnifa B Clark,599
Orangeburg,Edisto,Clerk of Court,,DEM,Winnifa B Clark,369
Orangeburg,Elloree 1,Clerk of Court,,DEM,Winnifa B Clark,347
Orangeburg,Eutawville 1,Clerk of Court,,DEM,Winnifa B Clark,549
Orangeburg,Eutawville 2,Clerk of Court,,DEM,Winnifa B Clark,754
Orangeburg,Four Holes,Clerk of Court,,DEM,Winnifa B Clark,260
Orangeburg,Holly Hill 2,Clerk of Court,,DEM,Winnifa B Clark,865
Orangeburg,Holly Hill 1,Clerk of Court,,DEM,Winnifa B Clark,718
Orangeburg,Jamison,Clerk of Court,,DEM,Winnifa B Clark,816
Orangeburg,Limestone 1,Clerk of Court,,DEM,Winnifa B Clark,755
Orangeburg,Neeses-Livingston,Clerk of Court,,DEM,Winnifa B Clark,393
Orangeburg,Nix,Clerk of Court,,DEM,Winnifa B Clark,681
Orangeburg,North 2,Clerk of Court,,DEM,Winnifa B Clark,503
Orangeburg,North 1,Clerk of Court,,DEM,Winnifa B Clark,518
Orangeburg,Norway,Clerk of Court,,DEM,Winnifa B Clark,622
Orangeburg,Pine Hill,Clerk of Court,,DEM,Winnifa B Clark,532
Orangeburg,Providence,Clerk of Court,,DEM,Winnifa B Clark,525
Orangeburg,Rowesville,Clerk of Court,,DEM,Winnifa B Clark,291
Orangeburg,Santee 1,Clerk of Court,,DEM,Winnifa B Clark,436
Orangeburg,Springfield,Clerk of Court,,DEM,Winnifa B Clark,572
Orangeburg,Vance,Clerk of Court,,DEM,Winnifa B Clark,527
Orangeburg,Whittaker,Clerk of Court,,DEM,Winnifa B Clark,586
Orangeburg,Bolentown,Clerk of Court,,DEM,Winnifa B Clark,556
Orangeburg,Cordova 2,Clerk of Court,,DEM,Winnifa B Clark,651
Orangeburg,Elloree 2,Clerk of Court,,DEM,Winnifa B Clark,327
Orangeburg,Limestone 2,Clerk of Court,,DEM,Winnifa B Clark,650
Orangeburg,Santee 2,Clerk of Court,,DEM,Winnifa B Clark,587
Orangeburg,Absentee,Clerk of Court,,DEM,Winnifa B Clark,10139
Orangeburg,Emergency,Clerk of Court,,DEM,Winnifa B Clark,0
Orangeburg,Failsafe,Clerk of Court,,DEM,Winnifa B Clark,233
Orangeburg,Provisional,Clerk of Court,,DEM,Winnifa B Clark,0
Orangeburg,Failsafe Provisional,Clerk of Court,,DEM,Winnifa B Clark,108
Orangeburg,Orangeburg Ward 1,Clerk of Court,,NON,Write-In,2
Orangeburg,Orangeburg Ward 2,Clerk of Court,,NON,Write-In,0
Orangeburg,Orangeburg Ward 3,Clerk of Court,,NON,Write-In,1
Orangeburg,Orangeburg Ward 4,Clerk of Court,,NON,Write-In,0
Orangeburg,Orangeburg Ward 5,Clerk of Court,,NON,Write-In,0
Orangeburg,Orangeburg Ward 6,Clerk of Court,,NON,Write-In,4
Orangeburg,Ornageburg Ward 7,Clerk of Court,,NON,Write-In,5
Orangeburg,Orangeburg Ward 8,Clerk of Court,,NON,Write-In,5
Orangeburg,Orangeburg Ward 9,Clerk of Court,,NON,Write-In,2
Orangeburg,Orangeburg Ward 10,Clerk of Court,,NON,Write-In,3
Orangeburg,Suburban 1,Clerk of Court,,NON,Write-In,0
Orangeburg,Suburban 2,Clerk of Court,,NON,Write-In,0
Orangeburg,Suburban 3,Clerk of Court,,NON,Write-In,0
Orangeburg,Suburban 4,Clerk of Court,,NON,Write-In,0
Orangeburg,Suburban 5,Clerk of Court,,NON,Write-In,2
Orangeburg,Suburban 6,Clerk of Court,,NON,Write-In,5
Orangeburg,Suburban 7,Clerk of Court,,NON,Write-In,14
Orangeburg,Suburban 8,Clerk of Court,,NON,Write-In,4
Orangeburg,Suburban 9,Clerk of Court,,NON,Write-In,1
Orangeburg,Bethel,Clerk of Court,,NON,Write-In,0
Orangeburg,Bowman 1,Clerk of Court,,NON,Write-In,1
Orangeburg,Bowman 2,Clerk of Court,,NON,Write-In,2
Orangeburg,Branchville 1,Clerk of Court,,NON,Write-In,1
Orangeburg,Branchville 2,Clerk of Court,,NON,Write-In,2
Orangeburg,Brookdale,Clerk of Court,,NON,Write-In,0
Orangeburg,Cope,Clerk of Court,,NON,Write-In,4
Orangeburg,Cordova 1,Clerk of Court,,NON,Write-In,8
Orangeburg,Edisto,Clerk of Court,,NON,Write-In,4
Orangeburg,Elloree 1,Clerk of Court,,NON,Write-In,3
Orangeburg,Eutawville 1,Clerk of Court,,NON,Write-In,4
Orangeburg,Eutawville 2,Clerk of Court,,NON,Write-In,3
Orangeburg,Four Holes,Clerk of Court,,NON,Write-In,2
Orangeburg,Holly Hill 2,Clerk of Court,,NON,Write-In,6
Orangeburg,Holly Hill 1,Clerk of Court,,NON,Write-In,2
Orangeburg,Jamison,Clerk of Court,,NON,Write-In,5
Orangeburg,Limestone 1,Clerk of Court,,NON,Write-In,11
Orangeburg,Neeses-Livingston,Clerk of Court,,NON,Write-In,1
Orangeburg,Nix,Clerk of Court,,NON,Write-In,0
Orangeburg,North 2,Clerk of Court,,NON,Write-In,9
Orangeburg,North 1,Clerk of Court,,NON,Write-In,1
Orangeburg,Norway,Clerk of Court,,NON,Write-In,3
Orangeburg,Pine Hill,Clerk of Court,,NON,Write-In,1
Orangeburg,Providence,Clerk of Court,,NON,Write-In,2
Orangeburg,Rowesville,Clerk of Court,,NON,Write-In,3
Orangeburg,Santee 1,Clerk of Court,,NON,Write-In,3
Orangeburg,Springfield,Clerk of Court,,NON,Write-In,2
Orangeburg,Vance,Clerk of Court,,NON,Write-In,0
Orangeburg,Whittaker,Clerk of Court,,NON,Write-In,4
Orangeburg,Bolentown,Clerk of Court,,NON,Write-In,3
Orangeburg,Cordova 2,Clerk of Court,,NON,Write-In,4
Orangeburg,Elloree 2,Clerk of Court,,NON,Write-In,0
Orangeburg,Limestone 2,Clerk of Court,,NON,Write-In,9
Orangeburg,Santee 2,Clerk of Court,,NON,Write-In,1
Orangeburg,Absentee,Clerk of Court,,NON,Write-In,25
Orangeburg,Emergency,Clerk of Court,,NON,Write-In,0
Orangeburg,Failsafe,Clerk of Court,,NON,Write-In,0
Orangeburg,Provisional,Clerk of Court,,NON,Write-In,0
Orangeburg,Failsafe Provisional,Clerk of Court,,NON,Write-In,0
Orangeburg,Orangeburg Ward 1,Coroner,,DEM,Samuetta Marshall,295
Orangeburg,Orangeburg Ward 2,Coroner,,DEM,Samuetta Marshall,254
Orangeburg,Orangeburg Ward 3,Coroner,,DEM,Samuetta Marshall,475
Orangeburg,Orangeburg Ward 4,Coroner,,DEM,Samuetta Marshall,1043
Orangeburg,Orangeburg Ward 5,Coroner,,DEM,Samuetta Marshall,258
Orangeburg,Orangeburg Ward 6,Coroner,,DEM,Samuetta Marshall,350
Orangeburg,Ornageburg Ward 7,Coroner,,DEM,Samuetta Marshall,315
Orangeburg,Orangeburg Ward 8,Coroner,,DEM,Samuetta Marshall,293
Orangeburg,Orangeburg Ward 9,Coroner,,DEM,Samuetta Marshall,284
Orangeburg,Orangeburg Ward 10,Coroner,,DEM,Samuetta Marshall,340
Orangeburg,Suburban 1,Coroner,,DEM,Samuetta Marshall,484
Orangeburg,Suburban 2,Coroner,,DEM,Samuetta Marshall,379
Orangeburg,Suburban 3,Coroner,,DEM,Samuetta Marshall,671
Orangeburg,Suburban 4,Coroner,,DEM,Samuetta Marshall,224
Orangeburg,Suburban 5,Coroner,,DEM,Samuetta Marshall,609
Orangeburg,Suburban 6,Coroner,,DEM,Samuetta Marshall,378
Orangeburg,Suburban 7,Coroner,,DEM,Samuetta Marshall,534
Orangeburg,Suburban 8,Coroner,,DEM,Samuetta Marshall,369
Orangeburg,Suburban 9,Coroner,,DEM,Samuetta Marshall,587
Orangeburg,Bethel,Coroner,,DEM,Samuetta Marshall,328
Orangeburg,Bowman 1,Coroner,,DEM,Samuetta Marshall,665
Orangeburg,Bowman 2,Coroner,,DEM,Samuetta Marshall,416
Orangeburg,Branchville 1,Coroner,,DEM,Samuetta Marshall,470
Orangeburg,Branchville 2,Coroner,,DEM,Samuetta Marshall,212
Orangeburg,Brookdale,Coroner,,DEM,Samuetta Marshall,594
Orangeburg,Cope,Coroner,,DEM,Samuetta Marshall,322
Orangeburg,Cordova 1,Coroner,,DEM,Samuetta Marshall,647
Orangeburg,Edisto,Coroner,,DEM,Samuetta Marshall,399
Orangeburg,Elloree 1,Coroner,,DEM,Samuetta Marshall,346
Orangeburg,Eutawville 1,Coroner,,DEM,Samuetta Marshall,548
Orangeburg,Eutawville 2,Coroner,,DEM,Samuetta Marshall,759
Orangeburg,Four Holes,Coroner,,DEM,Samuetta Marshall,257
Orangeburg,Holly Hill 2,Coroner,,DEM,Samuetta Marshall,872
Orangeburg,Holly Hill 1,Coroner,,DEM,Samuetta Marshall,727
Orangeburg,Jamison,Coroner,,DEM,Samuetta Marshall,818
Orangeburg,Limestone 1,Coroner,,DEM,Samuetta Marshall,763
Orangeburg,Neeses-Livingston,Coroner,,DEM,Samuetta Marshall,397
Orangeburg,Nix,Coroner,,DEM,Samuetta Marshall,682
Orangeburg,North 2,Coroner,,DEM,Samuetta Marshall,510
Orangeburg,North 1,Coroner,,DEM,Samuetta Marshall,524
Orangeburg,Norway,Coroner,,DEM,Samuetta Marshall,624
Orangeburg,Pine Hill,Coroner,,DEM,Samuetta Marshall,524
Orangeburg,Providence,Coroner,,DEM,Samuetta Marshall,523
Orangeburg,Rowesville,Coroner,,DEM,Samuetta Marshall,293
Orangeburg,Santee 1,Coroner,,DEM,Samuetta Marshall,429
Orangeburg,Springfield,Coroner,,DEM,Samuetta Marshall,572
Orangeburg,Vance,Coroner,,DEM,Samuetta Marshall,526
Orangeburg,Whittaker,Coroner,,DEM,Samuetta Marshall,589
Orangeburg,Bolentown,Coroner,,DEM,Samuetta Marshall,561
Orangeburg,Cordova 2,Coroner,,DEM,Samuetta Marshall,679
Orangeburg,Elloree 2,Coroner,,DEM,Samuetta Marshall,330
Orangeburg,Limestone 2,Coroner,,DEM,Samuetta Marshall,650
Orangeburg,Santee 2,Coroner,,DEM,Samuetta Marshall,586
Orangeburg,Absentee,Coroner,,DEM,Samuetta Marshall,10138
Orangeburg,Emergency,Coroner,,DEM,Samuetta Marshall,0
Orangeburg,Failsafe,Coroner,,DEM,Samuetta Marshall,234
Orangeburg,Provisional,Coroner,,DEM,Samuetta Marshall,0
Orangeburg,Failsafe Provisional,Coroner,,DEM,Samuetta Marshall,107
Orangeburg,Orangeburg Ward 1,Coroner,,NON,Write-In,1
Orangeburg,Orangeburg Ward 2,Coroner,,NON,Write-In,1
Orangeburg,Orangeburg Ward 3,Coroner,,NON,Write-In,0
Orangeburg,Orangeburg Ward 4,Coroner,,NON,Write-In,0
Orangeburg,Orangeburg Ward 5,Coroner,,NON,Write-In,0
Orangeburg,Orangeburg Ward 6,Coroner,,NON,Write-In,4
Orangeburg,Ornageburg Ward 7,Coroner,,NON,Write-In,2
Orangeburg,Orangeburg Ward 8,Coroner,,NON,Write-In,5
Orangeburg,Orangeburg Ward 9,Coroner,,NON,Write-In,3
Orangeburg,Orangeburg Ward 10,Coroner,,NON,Write-In,1
Orangeburg,Suburban 1,Coroner,,NON,Write-In,0
Orangeburg,Suburban 2,Coroner,,NON,Write-In,0
Orangeburg,Suburban 3,Coroner,,NON,Write-In,0
Orangeburg,Suburban 4,Coroner,,NON,Write-In,0
Orangeburg,Suburban 5,Coroner,,NON,Write-In,2
Orangeburg,Suburban 6,Coroner,,NON,Write-In,4
Orangeburg,Suburban 7,Coroner,,NON,Write-In,12
Orangeburg,Suburban 8,Coroner,,NON,Write-In,4
Orangeburg,Suburban 9,Coroner,,NON,Write-In,0
Orangeburg,Bethel,Coroner,,NON,Write-In,1
Orangeburg,Bowman 1,Coroner,,NON,Write-In,2
Orangeburg,Bowman 2,Coroner,,NON,Write-In,2
Orangeburg,Branchville 1,Coroner,,NON,Write-In,1
Orangeburg,Branchville 2,Coroner,,NON,Write-In,2
Orangeburg,Brookdale,Coroner,,NON,Write-In,0
Orangeburg,Cope,Coroner,,NON,Write-In,2
Orangeburg,Cordova 1,Coroner,,NON,Write-In,8
Orangeburg,Edisto,Coroner,,NON,Write-In,3
Orangeburg,Elloree 1,Coroner,,NON,Write-In,3
Orangeburg,Eutawville 1,Coroner,,NON,Write-In,7
Orangeburg,Eutawville 2,Coroner,,NON,Write-In,2
Orangeburg,Four Holes,Coroner,,NON,Write-In,3
Orangeburg,Holly Hill 2,Coroner,,NON,Write-In,4
Orangeburg,Holly Hill 1,Coroner,,NON,Write-In,2
Orangeburg,Jamison,Coroner,,NON,Write-In,11
Orangeburg,Limestone 1,Coroner,,NON,Write-In,7
Orangeburg,Neeses-Livingston,Coroner,,NON,Write-In,1
Orangeburg,Nix,Coroner,,NON,Write-In,0
Orangeburg,North 2,Coroner,,NON,Write-In,7
Orangeburg,North 1,Coroner,,NON,Write-In,1
Orangeburg,Norway,Coroner,,NON,Write-In,3
Orangeburg,Pine Hill,Coroner,,NON,Write-In,5
Orangeburg,Providence,Coroner,,NON,Write-In,2
Orangeburg,Rowesville,Coroner,,NON,Write-In,1
Orangeburg,Santee 1,Coroner,,NON,Write-In,1
Orangeburg,Springfield,Coroner,,NON,Write-In,5
Orangeburg,Vance,Coroner,,NON,Write-In,0
Orangeburg,Whittaker,Coroner,,NON,Write-In,2
Orangeburg,Bolentown,Coroner,,NON,Write-In,4
Orangeburg,Cordova 2,Coroner,,NON,Write-In,6
Orangeburg,Elloree 2,Coroner,,NON,Write-In,0
Orangeburg,Limestone 2,Coroner,,NON,Write-In,7
Orangeburg,Santee 2,Coroner,,NON,Write-In,1
Orangeburg,Absentee,Coroner,,NON,Write-In,25
Orangeburg,Emergency,Coroner,,NON,Write-In,0
Orangeburg,Failsafe,Coroner,,NON,Write-In,0
Orangeburg,Provisional,Coroner,,NON,Write-In,0
Orangeburg,Failsafe Provisional,Coroner,,NON,Write-In,0
Orangeburg,Suburban 3,County Council District 2,,DEM,Johnny Ravenell,177
Orangeburg,Bethel,County Council District 2,,DEM,Johnny Ravenell,328
Orangeburg,Bowman 1,County Council District 2,,DEM,Johnny Ravenell,660
Orangeburg,Bowman 2,County Council District 2,,DEM,Johnny Ravenell,372
Orangeburg,Elloree 1,County Council District 2,,DEM,Johnny Ravenell,350
Orangeburg,Four Holes,County Council District 2,,DEM,Johnny Ravenell,49
Orangeburg,Providence,County Council District 2,,DEM,Johnny Ravenell,521
Orangeburg,Santee 1,County Council District 2,,DEM,Johnny Ravenell,382
Orangeburg,Whittaker,County Council District 2,,DEM,Johnny Ravenell,128
Orangeburg,Elloree 2,County Council District 2,,DEM,Johnny Ravenell,333
Orangeburg,Santee 2,County Council District 2,,DEM,Johnny Ravenell,589
Orangeburg,Absentee,County Council District 2,,DEM,Johnny Ravenell,1496
Orangeburg,Emergency,County Council District 2,,DEM,Johnny Ravenell,0
Orangeburg,Failsafe,County Council District 2,,DEM,Johnny Ravenell,17
Orangeburg,Provisional,County Council District 2,,DEM,Johnny Ravenell,0
Orangeburg,Suburban 3,County Council District 2,,NON,Write-In,0
Orangeburg,Bethel,County Council District 2,,NON,Write-In,0
Orangeburg,Bowman 1,County Council District 2,,NON,Write-In,2
Orangeburg,Bowman 2,County Council District 2,,NON,Write-In,3
Orangeburg,Elloree 1,County Council District 2,,NON,Write-In,1
Orangeburg,Four Holes,County Council District 2,,NON,Write-In,1
Orangeburg,Providence,County Council District 2,,NON,Write-In,2
Orangeburg,Santee 1,County Council District 2,,NON,Write-In,1
Orangeburg,Whittaker,County Council District 2,,NON,Write-In,1
Orangeburg,Elloree 2,County Council District 2,,NON,Write-In,0
Orangeburg,Santee 2,County Council District 2,,NON,Write-In,1
Orangeburg,Absentee,County Council District 2,,NON,Write-In,2
Orangeburg,Emergency,County Council District 2,,NON,Write-In,0
Orangeburg,Failsafe,County Council District 2,,NON,Write-In,0
Orangeburg,Provisional,County Council District 2,,NON,Write-In,0
Orangeburg,Orangeburg Ward 3,County Council District 3,,DEM,Harry Wimberly,113
Orangeburg,Suburban 3,County Council District 3,,DEM,Harry Wimberly,245
Orangeburg,Suburban 4,County Council District 3,,DEM,Harry Wimberly,223
Orangeburg,Bowman 1,County Council District 3,,DEM,Harry Wimberly,1
Orangeburg,Bowman 2,County Council District 3,,DEM,Harry Wimberly,48
Orangeburg,Branchville 1,County Council District 3,,DEM,Harry Wimberly,507
Orangeburg,Branchville 2,County Council District 3,,DEM,Harry Wimberly,234
Orangeburg,Cope,County Council District 3,,DEM,Harry Wimberly,335
Orangeburg,Cordova 1,County Council District 3,,DEM,Harry Wimberly,663
Orangeburg,Edisto,County Council District 3,,DEM,Harry Wimberly,416
Orangeburg,Norway,County Council District 3,,DEM,Harry Wimberly,40
Orangeburg,Pine Hill,County Council District 3,,DEM,Harry Wimberly,72
Orangeburg,Rowesville,County Council District 3,,DEM,Harry Wimberly,308
Orangeburg,Bolentown,County Council District 3,,DEM,Harry Wimberly,206
Orangeburg,Cordova 2,County Council District 3,,DEM,Harry Wimberly,464
Orangeburg,Absentee,County Council District 3,,DEM,Harry Wimberly,804
Orangeburg,Emergency,County Council District 3,,DEM,Harry Wimberly,0
Orangeburg,Failsafe,County Council District 3,,DEM,Harry Wimberly,30
Orangeburg,Provisional,County Council District 3,,DEM,Harry Wimberly,0
Orangeburg,Orangeburg Ward 3,County Council District 3,,NON,Write-In,0
Orangeburg,Suburban 3,County Council District 3,,NON,Write-In,0
Orangeburg,Suburban 4,County Council District 3,,NON,Write-In,0
Orangeburg,Bowman 1,County Council District 3,,NON,Write-In,0
Orangeburg,Bowman 2,County Council District 3,,NON,Write-In,0
Orangeburg,Branchville 1,County Council District 3,,NON,Write-In,2
Orangeburg,Branchville 2,County Council District 3,,NON,Write-In,2
Orangeburg,Cope,County Council District 3,,NON,Write-In,1
Orangeburg,Cordova 1,County Council District 3,,NON,Write-In,3
Orangeburg,Edisto,County Council District 3,,NON,Write-In,3
Orangeburg,Norway,County Council District 3,,NON,Write-In,1
Orangeburg,Pine Hill,County Council District 3,,NON,Write-In,0
Orangeburg,Rowesville,County Council District 3,,NON,Write-In,1
Orangeburg,Bolentown,County Council District 3,,NON,Write-In,1
Orangeburg,Cordova 2,County Council District 3,,NON,Write-In,5
Orangeburg,Absentee,County Council District 3,,NON,Write-In,3
Orangeburg,Emergency,County Council District 3,,NON,Write-In,0
Orangeburg,Failsafe,County Council District 3,,NON,Write-In,0
Orangeburg,Provisional,County Council District 3,,NON,Write-In,0
Orangeburg,Limestone 1,County Council District 4,,REP,Charles Inglett,71
Orangeburg,Neeses-Livingston,County Council District 4,,REP,Charles Inglett,212
Orangeburg,North 2,County Council District 4,,REP,Charles Inglett,229
Orangeburg,North 1,County Council District 4,,REP,Charles Inglett,155
Orangeburg,Norway,County Council District 4,,REP,Charles Inglett,177
Orangeburg,Pine Hill,County Council District 4,,REP,Charles Inglett,140
Orangeburg,Springfield,County Council District 4,,REP,Charles Inglett,204
Orangeburg,Bolentown,County Council District 4,,REP,Charles Inglett,165
Orangeburg,Limestone 2,County Council District 4,,REP,Charles Inglett,45
Orangeburg,Absentee,County Council District 4,,REP,Charles Inglett,168
Orangeburg,Emergency,County Council District 4,,REP,Charles Inglett,0
Orangeburg,Failsafe,County Council District 4,,REP,Charles Inglett,2
Orangeburg,Provisional,County Council District 4,,REP,Charles Inglett,0
Orangeburg,Limestone 1,County Council District 4,,DEM,Heyward Livingston,216
Orangeburg,Neeses-Livingston,County Council District 4,,DEM,Heyward Livingston,348
Orangeburg,North 2,County Council District 4,,DEM,Heyward Livingston,429
Orangeburg,North 1,County Council District 4,,DEM,Heyward Livingston,489
Orangeburg,Norway,County Council District 4,,DEM,Heyward Livingston,537
Orangeburg,Pine Hill,County Council District 4,,DEM,Heyward Livingston,404
Orangeburg,Springfield,County Council District 4,,DEM,Heyward Livingston,526
Orangeburg,Bolentown,County Council District 4,,DEM,Heyward Livingston,307
Orangeburg,Limestone 2,County Council District 4,,DEM,Heyward Livingston,120
Orangeburg,Absentee,County Council District 4,,DEM,Heyward Livingston,1092
Orangeburg,Emergency,County Council District 4,,DEM,Heyward Livingston,0
Orangeburg,Failsafe,County Council District 4,,DEM,Heyward Livingston,13
Orangeburg,Provisional,County Council District 4,,DEM,Heyward Livingston,0
Orangeburg,Limestone 1,County Council District 4,,NON,Write-In,0
Orangeburg,Neeses-Livingston,County Council District 4,,NON,Write-In,0
Orangeburg,North 2,County Council District 4,,NON,Write-In,1
Orangeburg,North 1,County Council District 4,,NON,Write-In,0
Orangeburg,Norway,County Council District 4,,NON,Write-In,0
Orangeburg,Pine Hill,County Council District 4,,NON,Write-In,0
Orangeburg,Springfield,County Council District 4,,NON,Write-In,0
Orangeburg,Bolentown,County Council District 4,,NON,Write-In,0
Orangeburg,Limestone 2,County Council District 4,,NON,Write-In,0
Orangeburg,Absentee,County Council District 4,,NON,Write-In,3
Orangeburg,Emergency,County Council District 4,,NON,Write-In,0
Orangeburg,Failsafe,County Council District 4,,NON,Write-In,0
Orangeburg,Provisional,County Council District 4,,NON,Write-In,0
Orangeburg,Orangeburg Ward 9,County Council District 5,,DEM,Janie Cooper,2
Orangeburg,Suburban 1,County Council District 5,,DEM,Janie Cooper,484
Orangeburg,Suburban 7,County Council District 5,,DEM,Janie Cooper,512
Orangeburg,Suburban 8,County Council District 5,,DEM,Janie Cooper,359
Orangeburg,Suburban 9,County Council District 5,,DEM,Janie Cooper,578
Orangeburg,Brookdale,County Council District 5,,DEM,Janie Cooper,273
Orangeburg,Jamison,County Council District 5,,DEM,Janie Cooper,258
Orangeburg,Limestone 1,County Council District 5,,DEM,Janie Cooper,517
Orangeburg,Nix,County Council District 5,,DEM,Janie Cooper,679
Orangeburg,Limestone 2,County Council District 5,,DEM,Janie Cooper,430
Orangeburg,Absentee,County Council District 5,,DEM,Janie Cooper,1679
Orangeburg,Emergency,County Council District 5,,DEM,Janie Cooper,0
Orangeburg,Failsafe,County Council District 5,,DEM,Janie Cooper,64
Orangeburg,Provisional,County Council District 5,,DEM,Janie Cooper,0
Orangeburg,Orangeburg Ward 9,County Council District 5,,NON,Write-In,0
Orangeburg,Suburban 1,County Council District 5,,NON,Write-In,0
Orangeburg,Suburban 7,County Council District 5,,NON,Write-In,10
Orangeburg,Suburban 8,County Council District 5,,NON,Write-In,3
Orangeburg,Suburban 9,County Council District 5,,NON,Write-In,1
Orangeburg,Brookdale,County Council District 5,,NON,Write-In,0
Orangeburg,Jamison,County Council District 5,,NON,Write-In,3
Orangeburg,Limestone 1,County Council District 5,,NON,Write-In,5
Orangeburg,Nix,County Council District 5,,NON,Write-In,1
Orangeburg,Limestone 2,County Council District 5,,NON,Write-In,3
Orangeburg,Absentee,County Council District 5,,NON,Write-In,3
Orangeburg,Emergency,County Council District 5,,NON,Write-In,0
Orangeburg,Failsafe,County Council District 5,,NON,Write-In,0
Orangeburg,Provisional,County Council District 5,,NON,Write-In,0
Orangeburg,Orangeburg Ward 1,Soil and Water District Commission,,NON,Write-In,14
Orangeburg,Orangeburg Ward 2,Soil and Water District Commission,,NON,Write-In,6
Orangeburg,Orangeburg Ward 3,Soil and Water District Commission,,NON,Write-In,19
Orangeburg,Orangeburg Ward 4,Soil and Water District Commission,,NON,Write-In,68
Orangeburg,Orangeburg Ward 5,Soil and Water District Commission,,NON,Write-In,11
Orangeburg,Orangeburg Ward 6,Soil and Water District Commission,,NON,Write-In,16
Orangeburg,Ornageburg Ward 7,Soil and Water District Commission,,NON,Write-In,15
Orangeburg,Orangeburg Ward 8,Soil and Water District Commission,,NON,Write-In,25
Orangeburg,Orangeburg Ward 9,Soil and Water District Commission,,NON,Write-In,20
Orangeburg,Orangeburg Ward 10,Soil and Water District Commission,,NON,Write-In,20
Orangeburg,Suburban 1,Soil and Water District Commission,,NON,Write-In,12
Orangeburg,Suburban 2,Soil and Water District Commission,,NON,Write-In,4
Orangeburg,Suburban 3,Soil and Water District Commission,,NON,Write-In,8
Orangeburg,Suburban 4,Soil and Water District Commission,,NON,Write-In,4
Orangeburg,Suburban 5,Soil and Water District Commission,,NON,Write-In,15
Orangeburg,Suburban 6,Soil and Water District Commission,,NON,Write-In,15
Orangeburg,Suburban 7,Soil and Water District Commission,,NON,Write-In,42
Orangeburg,Suburban 8,Soil and Water District Commission,,NON,Write-In,23
Orangeburg,Suburban 9,Soil and Water District Commission,,NON,Write-In,15
Orangeburg,Bethel,Soil and Water District Commission,,NON,Write-In,16
Orangeburg,Bowman 1,Soil and Water District Commission,,NON,Write-In,16
Orangeburg,Bowman 2,Soil and Water District Commission,,NON,Write-In,19
Orangeburg,Branchville 1,Soil and Water District Commission,,NON,Write-In,19
Orangeburg,Branchville 2,Soil and Water District Commission,,NON,Write-In,10
Orangeburg,Brookdale,Soil and Water District Commission,,NON,Write-In,12
Orangeburg,Cope,Soil and Water District Commission,,NON,Write-In,13
Orangeburg,Cordova 1,Soil and Water District Commission,,NON,Write-In,26
Orangeburg,Edisto,Soil and Water District Commission,,NON,Write-In,31
Orangeburg,Elloree 1,Soil and Water District Commission,,NON,Write-In,14
Orangeburg,Eutawville 1,Soil and Water District Commission,,NON,Write-In,22
Orangeburg,Eutawville 2,Soil and Water District Commission,,NON,Write-In,22
Orangeburg,Four Holes,Soil and Water District Commission,,NON,Write-In,28
Orangeburg,Holly Hill 2,Soil and Water District Commission,,NON,Write-In,14
Orangeburg,Holly Hill 1,Soil and Water District Commission,,NON,Write-In,53
Orangeburg,Jamison,Soil and Water District Commission,,NON,Write-In,38
Orangeburg,Limestone 1,Soil and Water District Commission,,NON,Write-In,35
Orangeburg,Neeses-Livingston,Soil and Water District Commission,,NON,Write-In,14
Orangeburg,Nix,Soil and Water District Commission,,NON,Write-In,10
Orangeburg,North 2,Soil and Water District Commission,,NON,Write-In,19
Orangeburg,North 1,Soil and Water District Commission,,NON,Write-In,25
Orangeburg,Norway,Soil and Water District Commission,,NON,Write-In,16
Orangeburg,Pine Hill,Soil and Water District Commission,,NON,Write-In,32
Orangeburg,Providence,Soil and Water District Commission,,NON,Write-In,11
Orangeburg,Rowesville,Soil and Water District Commission,,NON,Write-In,14
Orangeburg,Santee 1,Soil and Water District Commission,,NON,Write-In,24
Orangeburg,Springfield,Soil and Water District Commission,,NON,Write-In,15
Orangeburg,Vance,Soil and Water District Commission,,NON,Write-In,6
Orangeburg,Whittaker,Soil and Water District Commission,,NON,Write-In,17
Orangeburg,Bolentown,Soil and Water District Commission,,NON,Write-In,22
Orangeburg,Cordova 2,Soil and Water District Commission,,NON,Write-In,33
Orangeburg,Elloree 2,Soil and Water District Commission,,NON,Write-In,8
Orangeburg,Limestone 2,Soil and Water District Commission,,NON,Write-In,40
Orangeburg,Santee 2,Soil and Water District Commission,,NON,Write-In,15
Orangeburg,Absentee,Soil and Water District Commission,,NON,Write-In,262
Orangeburg,Emergency,Soil and Water District Commission,,NON,Write-In,0
Orangeburg,Failsafe,Soil and Water District Commission,,NON,Write-In,5
Orangeburg,Provisional,Soil and Water District Commission,,NON,Write-In,0
Orangeburg,Failsafe Provisional,Soil and Water District Commission,,NON,Write-In,2
Orangeburg,Holly Hill 1,Horse Range Watershed Conservation,,NON,Lawton Brown,10
Orangeburg,Providence,Horse Range Watershed Conservation,,NON,Lawton Brown,11
Orangeburg,Vance,Horse Range Watershed Conservation,,NON,Lawton Brown,167
Orangeburg,Santee 2,Horse Range Watershed Conservation,,NON,Lawton Brown,31
Orangeburg,Absentee,Horse Range Watershed Conservation,,NON,Lawton Brown,51
Orangeburg,Emergency,Horse Range Watershed Conservation,,NON,Lawton Brown,0
Orangeburg,Failsafe,Horse Range Watershed Conservation,,NON,Lawton Brown,1
Orangeburg,Provisional,Horse Range Watershed Conservation,,NON,Lawton Brown,0
Orangeburg,Holly Hill 1,Horse Range Watershed Conservation,,NON,Write-In,9
Orangeburg,Providence,Horse Range Watershed Conservation,,NON,Write-In,0
Orangeburg,Vance,Horse Range Watershed Conservation,,NON,Write-In,4
Orangeburg,Santee 2,Horse Range Watershed Conservation,,NON,Write-In,0
Orangeburg,Absentee,Horse Range Watershed Conservation,,NON,Write-In,0
Orangeburg,Emergency,Horse Range Watershed Conservation,,NON,Write-In,0
Orangeburg,Failsafe,Horse Range Watershed Conservation,,NON,Write-In,0
Orangeburg,Provisional,Horse Range Watershed Conservation,,NON,Write-In,0
Orangeburg,Orangeburg Ward 1,Constitutional Amendment,,NON,Yes,199
Orangeburg,Orangeburg Ward 2,Constitutional Amendment,,NON,Yes,118
Orangeburg,Orangeburg Ward 3,Constitutional Amendment,,NON,Yes,297
Orangeburg,Orangeburg Ward 4,Constitutional Amendment,,NON,Yes,700
Orangeburg,Orangeburg Ward 5,Constitutional Amendment,,NON,Yes,174
Orangeburg,Orangeburg Ward 6,Constitutional Amendment,,NON,Yes,215
Orangeburg,Ornageburg Ward 7,Constitutional Amendment,,NON,Yes,237
Orangeburg,Orangeburg Ward 8,Constitutional Amendment,,NON,Yes,199
Orangeburg,Orangeburg Ward 9,Constitutional Amendment,,NON,Yes,176
Orangeburg,Orangeburg Ward 10,Constitutional Amendment,,NON,Yes,221
Orangeburg,Suburban 1,Constitutional Amendment,,NON,Yes,197
Orangeburg,Suburban 2,Constitutional Amendment,,NON,Yes,306
Orangeburg,Suburban 3,Constitutional Amendment,,NON,Yes,412
Orangeburg,Suburban 4,Constitutional Amendment,,NON,Yes,158
Orangeburg,Suburban 5,Constitutional Amendment,,NON,Yes,359
Orangeburg,Suburban 6,Constitutional Amendment,,NON,Yes,275
Orangeburg,Suburban 7,Constitutional Amendment,,NON,Yes,405
Orangeburg,Suburban 8,Constitutional Amendment,,NON,Yes,256
Orangeburg,Suburban 9,Constitutional Amendment,,NON,Yes,343
Orangeburg,Bethel,Constitutional Amendment,,NON,Yes,246
Orangeburg,Bowman 1,Constitutional Amendment,,NON,Yes,489
Orangeburg,Bowman 2,Constitutional Amendment,,NON,Yes,296
Orangeburg,Branchville 1,Constitutional Amendment,,NON,Yes,307
Orangeburg,Branchville 2,Constitutional Amendment,,NON,Yes,156
Orangeburg,Brookdale,Constitutional Amendment,,NON,Yes,314
Orangeburg,Cope,Constitutional Amendment,,NON,Yes,225
Orangeburg,Cordova 1,Constitutional Amendment,,NON,Yes,453
Orangeburg,Edisto,Constitutional Amendment,,NON,Yes,293
Orangeburg,Elloree 1,Constitutional Amendment,,NON,Yes,262
Orangeburg,Eutawville 1,Constitutional Amendment,,NON,Yes,452
Orangeburg,Eutawville 2,Constitutional Amendment,,NON,Yes,465
Orangeburg,Four Holes,Constitutional Amendment,,NON,Yes,196
Orangeburg,Holly Hill 2,Constitutional Amendment,,NON,Yes,534
Orangeburg,Holly Hill 1,Constitutional Amendment,,NON,Yes,428
Orangeburg,Jamison,Constitutional Amendment,,NON,Yes,546
Orangeburg,Limestone 1,Constitutional Amendment,,NON,Yes,464
Orangeburg,Neeses-Livingston,Constitutional Amendment,,NON,Yes,260
Orangeburg,Nix,Constitutional Amendment,,NON,Yes,403
Orangeburg,North 2,Constitutional Amendment,,NON,Yes,368
Orangeburg,North 1,Constitutional Amendment,,NON,Yes,367
Orangeburg,Norway,Constitutional Amendment,,NON,Yes,362
Orangeburg,Pine Hill,Constitutional Amendment,,NON,Yes,315
Orangeburg,Providence,Constitutional Amendment,,NON,Yes,373
Orangeburg,Rowesville,Constitutional Amendment,,NON,Yes,177
Orangeburg,Santee 1,Constitutional Amendment,,NON,Yes,372
Orangeburg,Springfield,Constitutional Amendment,,NON,Yes,325
Orangeburg,Vance,Constitutional Amendment,,NON,Yes,448
Orangeburg,Whittaker,Constitutional Amendment,,NON,Yes,333
Orangeburg,Bolentown,Constitutional Amendment,,NON,Yes,430
Orangeburg,Cordova 2,Constitutional Amendment,,NON,Yes,442
Orangeburg,Elloree 2,Constitutional Amendment,,NON,Yes,194
Orangeburg,Limestone 2,Constitutional Amendment,,NON,Yes,404
Orangeburg,Santee 2,Constitutional Amendment,,NON,Yes,363
Orangeburg,Absentee,Constitutional Amendment,,NON,Yes,5241
Orangeburg,Emergency,Constitutional Amendment,,NON,Yes,0
Orangeburg,Failsafe,Constitutional Amendment,,NON,Yes,149
Orangeburg,Provisional,Constitutional Amendment,,NON,Yes,0
Orangeburg,Failsafe Provisional,Constitutional Amendment,,NON,Yes,70
Orangeburg,Orangeburg Ward 1,Constitutional Amendment,,NON,No,127
Orangeburg,Orangeburg Ward 2,Constitutional Amendment,,NON,No,118
Orangeburg,Orangeburg Ward 3,Constitutional Amendment,,NON,No,155
Orangeburg,Orangeburg Ward 4,Constitutional Amendment,,NON,No,316
Orangeburg,Orangeburg Ward 5,Constitutional Amendment,,NON,No,70
Orangeburg,Orangeburg Ward 6,Constitutional Amendment,,NON,No,126
Orangeburg,Ornageburg Ward 7,Constitutional Amendment,,NON,No,147
Orangeburg,Orangeburg Ward 8,Constitutional Amendment,,NON,No,139
Orangeburg,Orangeburg Ward 9,Constitutional Amendment,,NON,No,107
Orangeburg,Orangeburg Ward 10,Constitutional Amendment,,NON,No,155
Orangeburg,Suburban 1,Constitutional Amendment,,NON,No,131
Orangeburg,Suburban 2,Constitutional Amendment,,NON,No,61
Orangeburg,Suburban 3,Constitutional Amendment,,NON,No,176
Orangeburg,Suburban 4,Constitutional Amendment,,NON,No,56
Orangeburg,Suburban 5,Constitutional Amendment,,NON,No,146
Orangeburg,Suburban 6,Constitutional Amendment,,NON,No,119
Orangeburg,Suburban 7,Constitutional Amendment,,NON,No,320
Orangeburg,Suburban 8,Constitutional Amendment,,NON,No,169
Orangeburg,Suburban 9,Constitutional Amendment,,NON,No,188
Orangeburg,Bethel,Constitutional Amendment,,NON,No,98
Orangeburg,Bowman 1,Constitutional Amendment,,NON,No,157
Orangeburg,Bowman 2,Constitutional Amendment,,NON,No,143
Orangeburg,Branchville 1,Constitutional Amendment,,NON,No,203
Orangeburg,Branchville 2,Constitutional Amendment,,NON,No,102
Orangeburg,Brookdale,Constitutional Amendment,,NON,No,223
Orangeburg,Cope,Constitutional Amendment,,NON,No,155
Orangeburg,Cordova 1,Constitutional Amendment,,NON,No,312
Orangeburg,Edisto,Constitutional Amendment,,NON,No,276
Orangeburg,Elloree 1,Constitutional Amendment,,NON,No,173
Orangeburg,Eutawville 1,Constitutional Amendment,,NON,No,247
Orangeburg,Eutawville 2,Constitutional Amendment,,NON,No,217
Orangeburg,Four Holes,Constitutional Amendment,,NON,No,141
Orangeburg,Holly Hill 2,Constitutional Amendment,,NON,No,220
Orangeburg,Holly Hill 1,Constitutional Amendment,,NON,No,379
Orangeburg,Jamison,Constitutional Amendment,,NON,No,342
Orangeburg,Limestone 1,Constitutional Amendment,,NON,No,319
Orangeburg,Neeses-Livingston,Constitutional Amendment,,NON,No,213
Orangeburg,Nix,Constitutional Amendment,,NON,No,140
Orangeburg,North 2,Constitutional Amendment,,NON,No,264
Orangeburg,North 1,Constitutional Amendment,,NON,No,228
Orangeburg,Norway,Constitutional Amendment,,NON,No,218
Orangeburg,Pine Hill,Constitutional Amendment,,NON,No,229
Orangeburg,Providence,Constitutional Amendment,,NON,No,150
Orangeburg,Rowesville,Constitutional Amendment,,NON,No,99
Orangeburg,Santee 1,Constitutional Amendment,,NON,No,205
Orangeburg,Springfield,Constitutional Amendment,,NON,No,201
Orangeburg,Vance,Constitutional Amendment,,NON,No,155
Orangeburg,Whittaker,Constitutional Amendment,,NON,No,166
Orangeburg,Bolentown,Constitutional Amendment,,NON,No,315
Orangeburg,Cordova 2,Constitutional Amendment,,NON,No,255
Orangeburg,Elloree 2,Constitutional Amendment,,NON,No,71
Orangeburg,Limestone 2,Constitutional Amendment,,NON,No,247
Orangeburg,Santee 2,Constitutional Amendment,,NON,No,143
Orangeburg,Absentee,Constitutional Amendment,,NON,No,3726
Orangeburg,Emergency,Constitutional Amendment,,NON,No,0
Orangeburg,Failsafe,Constitutional Amendment,,NON,No,58
Orangeburg,Provisional,Constitutional Amendment,,NON,No,0
Orangeburg,Failsafe Provisional,Constitutional Amendment,,NON,No,35
